2 0.5744 0.3774 0.0308 0.0741
1 0.4843 0.3347 0.0469 0.0953
1 0.6559 0.1361 0.0655 0.0912
1 0.8239 0.3634 0.0665 0.1267
1 0.4862 0.5177 0.0455 0.1018
1 0.6443 0.3624 0.0624 0.0948
1 0.3384 0.0813 0.0531 0.0933
1 0.6304 0.5639 0.0543 0.1015
1 0.7866 0.7817 0.0519 0.1295
1 0.3512 0.4666 0.0423 0.0911
1 0.4873 0.8954 0.1627 0.1806
1 0.4830 0.1319 0.0553 0.0856
1 0.80703125 0.5791666666666667 0.05572916666666667 0.13796296296296295
1 0.34739583333333335 0.2712962962962963 0.05625 0.09259259259259259
