1 0.8328 0.5803 0.1113 0.0963
1 0.6725 0.3716 0.0574 0.0841
0 0.5060 0.3604 0.0636 0.0845
1 0.4978 0.5640 0.0559 0.0808
1 0.6619 0.5892 0.0570 0.0806
1 0.8231770833333333 0.8064814814814815 0.09010416666666667 0.10740740740740741
1 0.6549479166666666 0.7893518518518519 0.058854166666666666 0.09166666666666666
1 0.49244791666666665 0.7652777777777777 0.05364583333333333 0.09351851851851851
1 0.34427083333333336 0.7046296296296296 0.03854166666666667 0.07962962962962963
1 0.34791666666666665 0.5138888888888888 0.046875 0.07592592592592592
1 0.35520833333333335 0.30694444444444446 0.05 0.08981481481481482
1 0.503125 0.3611111111111111 0.05625 0.09074074074074075
2 0.5752604166666667 0.6231481481481481 0.0421875 0.06111111111111111
