2 0.6370 0.4906 0.0357 0.0752
1 0.5554 0.6057 0.0425 0.0868
1 0.6848 0.6578 0.0594 0.0778
1 0.7153 0.2912 0.0631 0.0761
1 0.8609 0.5047 0.0680 0.1074
1 0.5670 0.2706 0.0449 0.0803
1 0.6997 0.4794 0.0617 0.0817
1 0.4403 0.5424 0.0371 0.0859
1 0.8195 0.8626 0.0500 0.1339
0 0.4700 0.9536 0.0606 0.0759
1 0.5604 0.4423 0.0415 0.0776
1 0.840625 0.6935185185185185 0.04583333333333333 0.12407407407407407
1 0.44427083333333334 0.37824074074074077 0.041666666666666664 0.075
1 0.4484375 0.20555555555555555 0.04895833333333333 0.07592592592592592
