2 0.4480 0.4929 0.0330 0.0899
1 0.3638 0.4206 0.0445 0.1015
1 0.6863 0.4658 0.0789 0.1130
1 0.5255 0.4518 0.0435 0.0968
1 0.5104 0.6617 0.0434 0.1055
1 0.6595 0.8737 0.0555 0.1450
1 0.5416 0.2543 0.0492 0.1113
1 0.3501 0.6235 0.0491 0.1112
1 0.1993 0.5524 0.0658 0.1187
1 0.0944 0.9351 0.1014 0.1276
1 0.6801 0.6847 0.0344 0.1089
1 0.3711 0.2175 0.0469 0.1044
0 0.2466 0.9508 0.1015 0.0980
0 0.7953 0.8927 0.0587 0.1556
0 0.7411458333333333 0.3106481481481482 0.04895833333333333 0.09351851851851851
1 0.20911458333333333 0.34953703703703703 0.0609375 0.09537037037037037
1 0.21666666666666667 0.1412037037037037 0.06145833333333333 0.10462962962962963
