2 0.4992 0.3903 0.0390 0.0726
1 0.3924 0.3569 0.0505 0.0995
1 0.5636 0.1250 0.0773 0.1044
1 0.4037 0.5575 0.0485 0.1105
1 0.7518 0.3657 0.0516 0.1058
1 0.3804 0.1298 0.0669 0.0967
1 0.5638 0.5851 0.0629 0.1236
1 0.2215 0.0718 0.0756 0.1156
1 0.7253 0.7904 0.0590 0.1239
1 0.2613 0.5063 0.0518 0.0916
1 0.5616 0.3702 0.0800 0.1109
0 0.2173 0.8279 0.1117 0.1307
1 0.24427083333333333 0.29583333333333334 0.06666666666666667 0.10462962962962963
1 0.7356770833333334 0.5777777777777777 0.049479166666666664 0.1425925925925926
