2 0.5308 0.4713 0.0345 0.0661
1 0.4467 0.5819 0.0484 0.0850
1 0.7468 0.4526 0.0708 0.1038
1 0.6098 0.2503 0.0525 0.0838
1 0.7185 0.8304 0.0453 0.1115
1 0.3202 0.5147 0.0402 0.0895
1 0.5986 0.4420 0.0407 0.0760
1 0.4645 0.2213 0.0510 0.0895
1 0.5842 0.6213 0.0478 0.0839
1 0.3301 0.1599 0.0544 0.0965
1 0.4551 0.4052 0.0398 0.0764
0 0.3539 0.9659 0.0634 0.0645
1 0.3294270833333333 0.33935185185185185 0.049479166666666664 0.08425925925925926
1 0.7325520833333333 0.6398148148148148 0.059895833333333336 0.1259259259259259
0 0.8041666666666667 0.29305555555555557 0.05416666666666667 0.09722222222222222
