1 0.3865 0.6219 0.0436 0.1025
1 0.7012 0.7045 0.0734 0.1311
1 0.4053 0.4331 0.0436 0.1129
1 0.3656 0.8184 0.0458 0.1127
1 0.5195 0.8681 0.0383 0.1097
1 0.5408 0.6722 0.0412 0.1047
1 0.5615 0.4828 0.0407 0.1119
1 0.2215 0.7392 0.0521 0.1399
0 0.7514 0.5511 0.0600 0.1366
1 0.6838541666666667 0.9055555555555556 0.071875 0.13518518518518519
2 0.4661458333333333 0.6935185185185185 0.041666666666666664 0.08703703703703704
1 0.24479166666666666 0.5305555555555556 0.05 0.09444444444444444
1 0.26510416666666664 0.3490740740740741 0.05416666666666667 0.1
