2 0.7525 0.6730 0.0503 0.1048
1 0.8916 0.2441 0.0656 0.1323
1 0.9110 0.5632 0.0668 0.1530
1 0.3811 0.3726 0.0548 0.1332
1 0.6632 0.6442 0.0758 0.1276
1 0.9512 0.8651 0.0637 0.1478
1 0.6277 0.3473 0.0684 0.1280
0 0.9478 0.9686 0.0371 0.0681
0 0.1985 0.5167 0.0883 0.0957
0 0.7054 0.9319 0.0723 0.1255
1 0.6934895833333333 0.9111111111111111 0.0921875 0.1574074074074074
1 0.4244791666666667 0.6666666666666666 0.04895833333333333 0.10925925925925926
1 0.4583333333333333 0.9449074074074074 0.065625 0.10462962962962963
