1 0.4743 0.7143 0.0504 0.1000
1 0.4783 0.5096 0.0522 0.0981
1 0.8206 0.7769 0.0847 0.1211
1 0.6453 0.5309 0.0513 0.0982
1 0.6414 0.7503 0.0570 0.0964
1 0.4674 0.9112 0.0464 0.1449
1 0.6357 0.9528 0.0436 0.0889
0 0.5606 0.7777 0.0447 0.0860
2 0.5588541666666667 0.7768518518518519 0.04791666666666667 0.08703703703703704
1 0.3333333333333333 0.4444444444444444 0.04895833333333333 0.07962962962962963
1 0.3265625 0.6402777777777777 0.04791666666666667 0.08055555555555556
1 0.3190104166666667 0.8523148148148149 0.04635416666666667 0.09907407407407408
