1 0.4318 0.5056 0.0503 0.1042
1 0.8023 0.7413 0.1022 0.1417
1 0.6138 0.5171 0.0402 0.1203
1 0.4341 0.7219 0.0429 0.1077
1 0.5183 0.7822 0.0497 0.0954
1 0.4384 0.9103 0.0440 0.1829
1 0.25703125 0.44675925925925924 0.0546875 0.09166666666666666
1 0.25104166666666666 0.6680555555555555 0.057291666666666664 0.10462962962962963
1 0.2557291666666667 0.888425925925926 0.06041666666666667 0.125
1 0.6177083333333333 0.7379629629629629 0.05416666666666667 0.1425925925925926
1 0.6130208333333333 0.9458333333333333 0.05416666666666667 0.09907407407407408
1 0.8036458333333333 0.9560185185185185 0.10520833333333333 0.0824074074074074
2 0.525 0.7810185185185186 0.05520833333333333 0.08981481481481482
