2 0.6329 0.5822 0.0310 0.0548
0 0.6306 0.5817 0.0344 0.0649
1 0.5516 0.6844 0.0348 0.0968
1 0.7077 0.3879 0.0550 0.0787
1 0.8498 0.5834 0.0588 0.0968
1 0.4385 0.6265 0.0321 0.0851
1 0.8173 0.9386 0.0347 0.1154
1 0.5584 0.5295 0.0346 0.0766
1 0.6942 0.5643 0.0501 0.0752
1 0.4462 0.3132 0.0456 0.0930
1 0.6798 0.7243 0.0482 0.0833
1 0.5654 0.3670 0.0410 0.0806
1 0.44296875 0.46805555555555556 0.04010416666666667 0.07685185185185185
1 0.8276041666666667 0.7527777777777778 0.052083333333333336 0.13703703703703704
