1 0.5049 0.3291 0.0442 0.0933
1 0.5120 0.1371 0.0509 0.0978
1 0.6614 0.1638 0.0640 0.0941
1 0.7641 0.7457 0.0541 0.1390
1 0.6468 0.3645 0.0619 0.0936
1 0.8039 0.3943 0.0644 0.1434
1 0.6308 0.5478 0.0722 0.1154
1 0.5017 0.4938 0.0364 0.1139
1 0.3779 0.0819 0.0412 0.1042
1 0.78359375 0.5777777777777777 0.05364583333333333 0.12962962962962962
1 0.38125 0.262037037037037 0.04895833333333333 0.08888888888888889
1 0.3815104166666667 0.43425925925925923 0.043229166666666666 0.08703703703703704
2 0.5796875 0.37824074074074077 0.028125 0.05648148148148148
