2 0.6501 0.7366 0.0532 0.0839
1 0.7419 0.4539 0.0463 0.1031
1 0.5628 0.6841 0.0419 0.1079
1 0.7477 0.6844 0.0391 0.1067
1 0.9484 0.6574 0.0983 0.1136
1 0.3883 0.4400 0.0549 0.0842
0 0.9455 0.9098 0.1054 0.1104
1 0.5541 0.4684 0.0434 0.0899
1 0.39166666666666666 0.6458333333333334 0.046875 0.09166666666666666
1 0.40208333333333335 0.8541666666666666 0.04479166666666667 0.10833333333333334
1 0.9434895833333333 0.8888888888888888 0.10677083333333333 0.12777777777777777
1 0.7518229166666667 0.9050925925925926 0.043229166666666666 0.12129629629629629
1 0.5703125 0.9050925925925926 0.03854166666666667 0.10462962962962963
