2 0.5139 0.3146 0.0389 0.0876
1 0.5821 0.0465 0.0823 0.0904
1 0.7663 0.2837 0.0604 0.1231
1 0.4035 0.2767 0.0521 0.1008
1 0.4158 0.4813 0.0509 0.1148
1 0.5745 0.2915 0.0772 0.1111
1 0.7361 0.7222 0.0436 0.1431
1 0.5707 0.5088 0.0638 0.1188
1 0.4290 0.8830 0.1610 0.1975
1 0.2759 0.4133 0.0409 0.1086
1 0.2386 0.0190 0.0811 0.0380
0 0.2170 0.7545 0.1126 0.1399
1 0.3962 0.0449 0.0704 0.0892
1 0.7489583333333333 0.5097222222222222 0.04791666666666667 0.14166666666666666
1 0.25677083333333334 0.21064814814814814 0.0625 0.08611111111111111
