2 0.6742 0.7528 0.0495 0.0900
1 0.5927 0.7118 0.0507 0.1347
1 0.7923 0.7184 0.0367 0.1152
1 0.5969 0.9329 0.0482 0.1387
1 0.4039 0.4302 0.0434 0.1091
1 0.7964 0.4663 0.0446 0.1130
1 0.5904 0.4686 0.0487 0.1079
1 0.409375 0.8888888888888888 0.03333333333333333 0.12407407407407407
1 0.40703125 0.6537037037037037 0.03177083333333333 0.08333333333333333
1 0.7911458333333333 0.9486111111111111 0.03958333333333333 0.10277777777777777
1 0.9598958333333333 0.6717592592592593 0.078125 0.125
1 0.9583333333333334 0.9125 0.08020833333333334 0.13055555555555556
