2 0.6379 0.5995 0.0309 0.0561
1 0.7139 0.4021 0.0592 0.0729
1 0.6988 0.5825 0.0558 0.0770
1 0.6887 0.7474 0.0483 0.0745
1 0.8547 0.5988 0.0588 0.0946
1 0.5712 0.3874 0.0433 0.0717
1 0.5650 0.5469 0.0347 0.0723
1 0.4453 0.6479 0.0367 0.0768
1 0.8254 0.9495 0.0373 0.0942
1 0.5607 0.7112 0.0358 0.0844
1 0.44817708333333334 0.48935185185185187 0.04010416666666667 0.06574074074074074
1 0.4546875 0.32916666666666666 0.03958333333333333 0.05648148148148148
1 0.83828125 0.774537037037037 0.0484375 0.11388888888888889
