2 0.6831 0.4765 0.0434 0.0726
1 0.5915 0.2322 0.0550 0.0821
1 0.5890 0.6222 0.0469 0.0993
1 0.4565 0.5607 0.0411 0.0903
1 0.7758 0.2320 0.0641 0.0914
1 0.7615 0.4655 0.0602 0.0901
1 0.9668 0.4731 0.0619 0.1201
1 0.7568 0.6577 0.0608 0.1152
1 0.4432 0.1823 0.0575 0.0884
1 0.5910 0.4332 0.0420 0.0901
1 0.9421875 0.6736111111111112 0.06458333333333334 0.15462962962962962
1 0.91953125 0.8828703703703704 0.058854166666666666 0.1824074074074074
1 0.45208333333333334 0.37592592592592594 0.046875 0.07962962962962963
