2 0.5268 0.5953 0.0341 0.0782
1 0.4546 0.7443 0.0310 0.1039
1 0.7469 0.5613 0.0763 0.0960
1 0.6106 0.3889 0.0321 0.0984
1 0.4600 0.3793 0.0351 0.0982
1 0.6037 0.5706 0.0343 0.0827
1 0.3188 0.6959 0.0298 0.1033
1 0.3151 0.3297 0.0435 0.1054
1 0.5974 0.7479 0.0310 0.1065
1 0.7395 0.9361 0.0445 0.1055
1 0.4579 0.5594 0.0301 0.0855
1 0.31953125 0.512962962962963 0.044270833333333336 0.08148148148148149
1 0.7403645833333333 0.7416666666666667 0.0640625 0.12962962962962962
0 0.7919270833333333 0.3962962962962963 0.0453125 0.07777777777777778
