1 0.6328 0.6871 0.0837 0.1416
1 0.8725 0.3012 0.0769 0.1239
1 0.8989 0.6285 0.0651 0.1346
1 0.3593 0.3785 0.0658 0.1305
1 0.6082 0.3727 0.0772 0.1358
1 0.39010416666666664 0.6925925925925925 0.0625 0.12407407407407407
1 0.41171875 0.9629629629629629 0.058854166666666666 0.07037037037037037
1 0.9130208333333333 0.9189814814814815 0.10208333333333333 0.15092592592592594
1 0.6559895833333333 0.9398148148148148 0.0734375 0.10925925925925926
2 0.72421875 0.7166666666666667 0.059895833333333336 0.08888888888888889
