2 0.6681 0.7536 0.0514 0.0891
1 0.5866 0.4695 0.0595 0.1116
1 0.3969 0.4463 0.0632 0.1169
1 0.5880 0.7119 0.0564 0.1113
1 0.7869 0.7183 0.0448 0.1145
1 0.7915 0.9509 0.0430 0.0919
1 0.9539 0.6588 0.0872 0.1210
1 0.9565104166666667 0.8935185185185185 0.08385416666666666 0.14444444444444443
1 0.40625 0.6754629629629629 0.040625 0.10277777777777777
1 0.40520833333333334 0.9189814814814815 0.04895833333333333 0.10277777777777777
1 0.5888020833333333 0.9342592592592592 0.05260416666666667 0.11666666666666667
1 0.790625 0.4513888888888889 0.06145833333333333 0.10092592592592593
