2 0.6121 0.6321 0.0540 0.0809
1 0.6998 0.5869 0.0584 0.0816
1 0.5373 0.3681 0.0489 0.0873
1 0.5339 0.5705 0.0494 0.0862
1 0.8719 0.5793 0.1045 0.0967
1 0.5268 0.7594 0.0500 0.1015
1 0.6969 0.7856 0.0509 0.0990
1 0.7051 0.3728 0.0513 0.0893
1 0.38333333333333336 0.5180555555555556 0.03958333333333333 0.0712962962962963
1 0.37734375 0.7138888888888889 0.04739583333333333 0.09444444444444444
1 0.38671875 0.32175925925925924 0.0421875 0.0824074074074074
1 0.8578125 0.8069444444444445 0.09791666666666667 0.10833333333333334
