1 0.7575 0.4778 0.0534 0.0979
1 0.4261 0.2449 0.0662 0.0848
1 0.5890 0.2555 0.0772 0.0967
1 0.5803 0.4706 0.0616 0.0890
1 0.4337 0.4434 0.0547 0.0949
1 0.4367 0.6249 0.0600 0.1022
1 0.5797 0.6622 0.0518 0.0964
1 0.7347 0.8790 0.0387 0.1412
1 0.2859375 0.1935185185185185 0.06770833333333333 0.06296296296296296
1 0.29140625 0.3861111111111111 0.0734375 0.07222222222222222
1 0.30442708333333335 0.5578703703703703 0.0546875 0.10833333333333334
2 0.5276041666666667 0.48935185185185187 0.03854166666666667 0.06574074074074074
