1 0.3692 0.4959 0.0404 0.0922
1 0.5037 0.7483 0.0332 0.1036
1 0.6769 0.5666 0.0779 0.1206
1 0.6445 0.9475 0.0445 0.1008
1 0.5442 0.3512 0.0421 0.1064
1 0.5232 0.5444 0.0428 0.0963
1 0.3477 0.7009 0.0429 0.1023
1 0.3831 0.3121 0.0367 0.1163
1 0.2023 0.6196 0.0487 0.0968
1 0.6698 0.7799 0.0366 0.1057
0 0.2212 0.9816 0.0779 0.0378
1 0.21875 0.41759259259259257 0.053125 0.09814814814814815
1 0.23411458333333332 0.21944444444444444 0.05260416666666667 0.09444444444444444
2 0.44947916666666665 0.5875 0.035416666666666666 0.08055555555555556
0 0.73671875 0.42685185185185187 0.044270833333333336 0.1
