1 0.5669 0.4514 0.0363 0.0819
1 0.6860 0.6644 0.0518 0.0873
1 0.7034 0.4885 0.0535 0.0934
1 0.4422 0.5458 0.0352 0.0862
1 0.8604 0.5103 0.0473 0.1108
1 0.7197 0.3008 0.0538 0.0813
1 0.5612 0.6119 0.0385 0.1009
1 0.5753 0.2821 0.0387 0.0983
1 0.8180 0.8655 0.0415 0.1410
0 0.6370 0.5093 0.0309 0.0865
2 0.6440104166666667 0.4949074074074074 0.033854166666666664 0.05648148148148148
1 0.8361979166666667 0.6935185185185185 0.044270833333333336 0.11851851851851852
1 0.4510416666666667 0.3787037037037037 0.03958333333333333 0.07037037037037037
1 0.46041666666666664 0.2162037037037037 0.041666666666666664 0.08055555555555556
