2 0.5068 0.6287 0.0452 0.0746
1 0.5847 0.5944 0.0499 0.0777
1 0.5979 0.3873 0.0503 0.0796
1 0.4263 0.5662 0.0394 0.0820
1 0.7485 0.5981 0.0855 0.0968
1 0.4164 0.7611 0.0436 0.1063
1 0.5744 0.7881 0.0457 0.1000
1 0.2640 0.7035 0.0477 0.0891
1 0.4337 0.3637 0.0463 0.0807
1 0.7377604166666667 0.8092592592592592 0.07864583333333333 0.13333333333333333
1 0.2765625 0.5032407407407408 0.052083333333333336 0.08425925925925926
1 0.28177083333333336 0.2967592592592593 0.04791666666666667 0.08611111111111111
