2 0.5742 0.6393 0.0394 0.0771
1 0.6618 0.5895 0.0365 0.0870
1 0.8323 0.5668 0.0923 0.1104
1 0.4887 0.3805 0.0378 0.1027
1 0.4957 0.8015 0.0341 0.1019
1 0.6627 0.3729 0.0392 0.0939
1 0.3301 0.3487 0.0443 0.0967
1 0.6658 0.8108 0.0374 0.0973
1 0.3388 0.7609 0.0361 0.0992
1 0.4939 0.5960 0.0328 0.0923
1 0.33880208333333334 0.5546296296296296 0.0359375 0.08703703703703704
1 0.8299479166666667 0.7861111111111111 0.0828125 0.12222222222222222
1 0.8184895833333333 0.9532407407407407 0.07135416666666666 0.08055555555555556
