2 0.6249 0.5229 0.0317 0.0697
1 0.5522 0.4532 0.0387 0.0798
1 0.8507 0.5214 0.0562 0.1071
1 0.7088 0.3040 0.0538 0.0860
1 0.4254 0.5494 0.0415 0.0879
1 0.5399 0.6247 0.0411 0.0947
1 0.8117 0.9067 0.0332 0.1104
1 0.5626 0.2792 0.0445 0.0827
1 0.6908 0.4922 0.0560 0.0794
1 0.4342 0.3958 0.0393 0.0696
0 0.5233 0.9831 0.0931 0.0266
1 0.6725 0.6759 0.0504 0.0828
1 0.828125 0.7092592592592593 0.04791666666666667 0.1111111111111111
1 0.4453125 0.21157407407407408 0.041666666666666664 0.07314814814814814
