2 0.5960 0.7548 0.0566 0.0894
0 0.5120 0.4971 0.0566 0.0985
1 0.6873 0.7131 0.0466 0.0970
1 0.5166 0.7091 0.0543 0.1072
1 0.6884 0.4942 0.0516 0.0941
1 0.5109 0.5015 0.0557 0.0917
1 0.8722 0.6969 0.1046 0.1059
1 0.86953125 0.9212962962962963 0.10364583333333334 0.13148148148148148
1 0.34791666666666665 0.6587962962962963 0.041666666666666664 0.08611111111111111
1 0.3502604166666667 0.4546296296296296 0.0640625 0.07777777777777778
1 0.34791666666666665 0.8703703703703703 0.05625 0.10555555555555556
1 0.50859375 0.9291666666666667 0.0484375 0.11388888888888889
1 0.6833333333333333 0.937962962962963 0.04791666666666667 0.11296296296296296
