2 0.4407 0.4734 0.0368 0.0697
1 0.5042 0.6332 0.0342 0.0893
1 0.3527 0.3924 0.0429 0.0815
1 0.3625 0.1802 0.0467 0.0996
1 0.3421 0.6031 0.0446 0.0880
1 0.1864 0.5292 0.0520 0.0906
1 0.6816 0.4330 0.0816 0.1058
1 0.5186 0.4252 0.0415 0.0834
1 0.6577 0.8537 0.0505 0.1034
1 0.6723 0.6477 0.0614 0.0861
1 0.2039 0.1007 0.0681 0.1190
1 0.5324 0.2124 0.0394 0.0930
1 0.19401041666666666 0.30787037037037035 0.06822916666666666 0.08425925925925926
0 0.7385416666666667 0.26342592592592595 0.052083333333333336 0.09166666666666666
