1 0.7242 0.8328 0.0966 0.1453
1 0.3640 0.5559 0.0629 0.1006
1 0.5504 0.5906 0.0642 0.1190
1 0.3618 0.7867 0.0556 0.1060
0 0.9048 0.6732 0.0830 0.1155
1 0.19166666666666668 0.47824074074074074 0.06145833333333333 0.08425925925925926
1 0.17890625 0.7087962962962963 0.07135416666666666 0.09351851851851851
1 0.1734375 0.937037037037037 0.065625 0.11296296296296296
2 0.45651041666666664 0.8537037037037037 0.06197916666666667 0.08703703703703704
1 0.5427083333333333 0.812962962962963 0.071875 0.11851851851851852
1 0.35651041666666666 0.9726851851851852 0.05677083333333333 0.05092592592592592
