2 0.4690 0.7227 0.0321 0.0773
1 0.7020 0.7146 0.0732 0.1131
1 0.3686 0.8365 0.0418 0.1056
1 0.5429 0.6839 0.0377 0.0958
1 0.4081 0.4300 0.0389 0.1133
1 0.5632 0.4830 0.0413 0.1085
1 0.3882 0.6277 0.0368 0.0999
1 0.2246 0.7503 0.0390 0.1025
1 0.5247 0.8962 0.0375 0.0916
0 0.7586 0.5594 0.0500 0.1104
1 0.24895833333333334 0.5458333333333333 0.05625 0.08981481481481482
1 0.2682291666666667 0.3439814814814815 0.06041666666666667 0.11018518518518519
1 0.6828125 0.924074074074074 0.065625 0.12037037037037036
