1 0.3866 0.3663 0.0422 0.1053
1 0.3951 0.1753 0.0493 0.1050
1 0.6790 0.4077 0.0742 0.1193
1 0.5485 0.2124 0.0456 0.1005
1 0.5313 0.4011 0.0459 0.0988
1 0.3759 0.5436 0.0472 0.1020
1 0.2383 0.4772 0.0427 0.1062
1 0.6443 0.7735 0.0537 0.1377
1 0.2533 0.1032 0.0543 0.0937
2 0.4627604166666667 0.4361111111111111 0.04010416666666667 0.08148148148148149
0 0.7388020833333333 0.26342592592592595 0.0421875 0.0787037037037037
1 0.6611979166666667 0.5824074074074074 0.059895833333333336 0.1259259259259259
1 0.24244791666666668 0.28194444444444444 0.0515625 0.09166666666666666
1 0.5169270833333334 0.5787037037037037 0.04635416666666667 0.1
