2 0.6628 0.4762 0.0450 0.0743
1 0.5709 0.2364 0.0540 0.0830
1 0.7534 0.2389 0.0751 0.1017
1 0.9374 0.4743 0.0726 0.1135
1 0.7361 0.4678 0.0644 0.0897
1 0.4368 0.5593 0.0398 0.0889
1 0.5699 0.6219 0.0472 0.0957
1 0.7273 0.6629 0.0581 0.0929
1 0.5698 0.4358 0.0459 0.0916
1 0.9138020833333333 0.6819444444444445 0.06510416666666667 0.14722222222222223
1 0.8932291666666666 0.8768518518518519 0.058333333333333334 0.17037037037037037
1 0.43359375 0.375 0.050520833333333334 0.07592592592592592
1 0.42552083333333335 0.18518518518518517 0.051041666666666666 0.07962962962962963
