1 0.7008 0.4490 0.0762 0.1466
1 0.3934 0.5914 0.0571 0.1375
1 0.4120 0.2399 0.0434 0.1217
1 0.6677 0.8193 0.0541 0.1458
1 0.4037 0.4146 0.0501 0.1163
0 0.4045 0.4143 0.0597 0.1321
0 0.7482 0.3146 0.0638 0.1360
0 0.3921 0.5906 0.0512 0.1286
1 0.5505208333333333 0.4412037037037037 0.052083333333333336 0.11203703703703703
1 0.5627604166666667 0.25555555555555554 0.04739583333333333 0.10740740740740741
1 0.5346354166666667 0.6203703703703703 0.05572916666666667 0.10740740740740741
1 0.2604166666666667 0.5314814814814814 0.05625 0.11666666666666667
1 0.2609375 0.3435185185185185 0.04791666666666667 0.11851851851851852
1 0.26901041666666664 0.16620370370370371 0.058854166666666666 0.11388888888888889
2 0.4796875 0.4787037037037037 0.04583333333333333 0.09444444444444444
