2 0.5418 0.5834 0.0380 0.0767
1 0.7878 0.5186 0.0880 0.1076
1 0.4626 0.5421 0.0358 0.0942
1 0.6235 0.5421 0.0380 0.0888
1 0.4637 0.7483 0.0372 0.1099
1 0.6263 0.3307 0.0373 0.0993
1 0.2958 0.2975 0.0470 0.1018
1 0.7941 0.9431 0.0462 0.1014
1 0.6268 0.7466 0.0409 0.1033
1 0.4572 0.3373 0.0367 0.1026
1 0.3015625 0.5041666666666667 0.036458333333333336 0.07314814814814814
1 0.30520833333333336 0.6953703703703704 0.036458333333333336 0.1
0 0.290625 0.600462962962963 0.09270833333333334 0.06759259259259259
1 0.78046875 0.7226851851851852 0.07864583333333333 0.1287037037037037
