1 0.6221 0.3658 0.0573 0.1299
1 0.6289 0.6759 0.0616 0.1229
1 0.8906 0.3267 0.0623 0.1436
1 0.9014 0.6738 0.0628 0.1508
1 0.6335 0.9468 0.0444 0.1029
1 0.4108 0.8988 0.0626 0.1384
1 0.7583 0.7628 0.0649 0.1260
1 0.41015625 0.5976851851851852 0.07239583333333334 0.11388888888888889
1 0.409375 0.3347222222222222 0.07083333333333333 0.11574074074074074
2 0.7559895833333333 0.7638888888888888 0.06510416666666667 0.10925925925925926
0 0.3333333333333333 0.7078703703703704 0.030208333333333334 0.10277777777777777
