2 0.6302 0.6874 0.0527 0.0710
1 0.5481 0.6429 0.0476 0.1005
1 0.7224 0.6371 0.0437 0.0902
1 0.5407 0.4294 0.0579 0.0982
1 0.7162 0.4162 0.0513 0.0974
1 0.5529 0.8538 0.0418 0.1114
1 0.7275 0.8582 0.0551 0.1334
1 0.9070 0.8636 0.0904 0.1152
1 0.8973 0.6076 0.1209 0.1063
1 0.37604166666666666 0.3962962962962963 0.03958333333333333 0.08518518518518518
1 0.3841145833333333 0.5930555555555556 0.0453125 0.09166666666666666
1 0.39036458333333335 0.8097222222222222 0.044270833333333336 0.09537037037037037
