1 0.5749 0.0983 0.0428 0.0974
1 0.5634 0.2808 0.0422 0.1031
1 0.7212 0.1255 0.0605 0.0894
1 0.5545 0.4418 0.0435 0.1034
1 0.7000 0.3206 0.0613 0.0969
1 0.8554 0.3384 0.0662 0.1252
1 0.6804 0.4812 0.0523 0.0990
0 0.8563 0.3403 0.0564 0.1168
1 0.4532 0.0441 0.0389 0.0924
1 0.4384 0.3667 0.0342 0.1057
1 0.8065104166666667 0.6967592592592593 0.043229166666666666 0.14537037037037037
1 0.8317708333333333 0.5226851851851851 0.04791666666666667 0.1175925925925926
1 0.440625 0.1986111111111111 0.03958333333333333 0.0824074074074074
2 0.6338541666666667 0.3282407407407407 0.028125 0.05277777777777778
