2 0.4520 0.7133 0.0293 0.0833
1 0.3760 0.8650 0.0307 0.1063
1 0.2417 0.8209 0.0314 0.1119
1 0.5254 0.5231 0.0346 0.0823
1 0.5193 0.6972 0.0313 0.0884
1 0.5147 0.8727 0.0300 0.0966
1 0.2444 0.4657 0.0423 0.1050
1 0.3788 0.6870 0.0280 0.0898
1 0.2456 0.6474 0.0350 0.0784
1 0.6562 0.6884 0.0682 0.1107
0 0.1186 0.5149 0.0332 0.1088
1 0.3802 0.5153 0.0327 0.0888
1 0.6513020833333333 0.8555555555555555 0.058854166666666666 0.12407407407407407
0 0.6984375 0.5296296296296297 0.03958333333333333 0.07407407407407407
