1 0.5961 0.5133 0.0540 0.0925
1 0.4150 0.4851 0.0539 0.0919
1 0.7642 0.7538 0.0849 0.1333
1 0.4068 0.7137 0.0505 0.1055
1 0.5823 0.7424 0.0655 0.1235
1 0.3943 0.9343 0.0479 0.1099
1 0.7453125 0.9652777777777778 0.07916666666666666 0.058333333333333334
1 0.24166666666666667 0.6305555555555555 0.053125 0.08703703703703704
1 0.25026041666666665 0.40694444444444444 0.058854166666666666 0.08611111111111111
1 0.22994791666666667 0.8532407407407407 0.0546875 0.10277777777777777
2 0.49583333333333335 0.7657407407407407 0.04375 0.07037037037037037
