2 0.5131 0.6563 0.0360 0.0691
1 0.4440 0.6194 0.0308 0.0791
1 0.3033 0.7489 0.0335 0.0933
1 0.5864 0.6309 0.0308 0.0780
1 0.7275 0.6235 0.0780 0.0937
1 0.3043 0.3934 0.0408 0.1033
1 0.5922 0.4534 0.0345 0.0909
1 0.4432 0.7933 0.0320 0.0962
1 0.7115 0.9700 0.0512 0.0557
1 0.5814 0.8135 0.0308 0.0890
1 0.7217 0.8178 0.0597 0.0842
0 0.1851 0.4418 0.0377 0.1009
1 0.4474 0.4450 0.0348 0.0837
0 0.7700520833333333 0.46064814814814814 0.0421875 0.08425925925925926
1 0.30364583333333334 0.5726851851851852 0.04479166666666667 0.07685185185185185
