1 0.5593 0.4745 0.0438 0.0764
1 0.7135 0.3260 0.0621 0.0794
1 0.5489 0.6420 0.0416 0.0891
1 0.6989 0.5114 0.0610 0.0764
1 0.5658 0.3014 0.0437 0.0817
1 0.8574 0.5322 0.0633 0.0932
1 0.8245 0.9168 0.0429 0.1002
1 0.6841 0.6880 0.0547 0.0855
1 0.4347 0.5706 0.0312 0.0895
1 0.4465 0.2462 0.0497 0.0889
0 0.6350 0.5422 0.0411 0.0694
1 0.44557291666666665 0.4111111111111111 0.044270833333333336 0.07222222222222222
2 0.6330729166666667 0.5398148148148149 0.0359375 0.06851851851851852
1 0.8380208333333333 0.7263888888888889 0.04791666666666667 0.09537037037037037
