2 0.4604 0.7410 0.0351 0.0604
1 0.2501 0.4802 0.0512 0.0878
1 0.5283 0.7150 0.0344 0.0784
1 0.2478 0.8385 0.0392 0.0914
1 0.3802 0.8875 0.0347 0.0898
1 0.3864 0.7058 0.0284 0.0775
1 0.5328 0.5349 0.0366 0.0793
1 0.3910 0.5284 0.0376 0.0777
1 0.5225 0.8969 0.0338 0.0821
1 0.6668 0.7106 0.0669 0.0929
1 0.24921875 0.649537037037037 0.049479166666666664 0.0824074074074074
0 0.70625 0.5467592592592593 0.03854166666666667 0.0712962962962963
1 0.6580729166666667 0.8740740740740741 0.06302083333333333 0.11481481481481481
