1 0.3145 0.3972 0.0900 0.1250
1 0.6191 0.4820 0.0754 0.1673
0 0.6141 0.4842 0.0776 0.1622
1 0.6077 0.8775 0.0829 0.1703
0 0.6068 0.8960 0.0830 0.1881
0 0.7395 0.9414 0.0947 0.1101
0 0.2972 0.9154 0.0478 0.1828
2 0.7325520833333333 0.9412037037037037 0.1046875 0.10648148148148148
1 0.30833333333333335 0.7833333333333333 0.09479166666666666 0.15185185185185185
1 0.95078125 0.47453703703703703 0.0921875 0.1712962962962963
1 0.9455729166666667 0.9101851851851852 0.10052083333333334 0.16111111111111112
