2 0.4888 0.6218 0.0376 0.0735
1 0.5813 0.3976 0.0438 0.0882
1 0.5652 0.5908 0.0416 0.0796
1 0.4244 0.3539 0.0449 0.0970
1 0.7233 0.6185 0.0799 0.1059
1 0.3949 0.7414 0.0424 0.1026
1 0.5530 0.7892 0.0395 0.0966
1 0.2509 0.6659 0.0394 0.1043
1 0.4101 0.5515 0.0448 0.0833
1 0.2755208333333333 0.26805555555555555 0.05416666666666667 0.07314814814814814
1 0.2630208333333333 0.4689814814814815 0.04791666666666667 0.08055555555555556
1 0.7075520833333333 0.8087962962962963 0.06197916666666667 0.12314814814814815
1 0.6776041666666667 0.9712962962962963 0.042708333333333334 0.05
0 0.7763020833333333 0.45694444444444443 0.04635416666666667 0.0824074074074074
