2 0.6432 0.6711 0.0592 0.0906
1 0.7907 0.2932 0.0670 0.1268
1 0.3038 0.2831 0.0630 0.1358
1 0.7942 0.6030 0.0677 0.1327
1 0.9555 0.5307 0.0828 0.1252
1 0.5554 0.6128 0.0690 0.1420
0 0.5563 0.6234 0.0678 0.1453
1 0.5441 0.3185 0.0596 0.1377
0 0.7825 0.9934 0.0400 0.0146
0 0.5679 0.8998 0.0559 0.1870
1 0.3184895833333333 0.5689814814814815 0.059895833333333336 0.1175925925925926
1 0.3307291666666667 0.8680555555555556 0.06770833333333333 0.13240740740740742
1 0.5625 0.9060185185185186 0.08541666666666667 0.1712962962962963
1 0.7997395833333333 0.8949074074074074 0.09010416666666667 0.14907407407407408
