2 0.5112 0.7610 0.0513 0.0771
1 0.4215 0.7055 0.0479 0.0979
1 0.7854 0.7449 0.0924 0.1148
1 0.6029 0.7383 0.0662 0.1184
1 0.4139 0.9091 0.0441 0.1131
1 0.5919 0.9418 0.0455 0.0946
1 0.6118 0.5094 0.0520 0.0909
1 0.4321 0.4834 0.0547 0.0900
1 0.26640625 0.4013888888888889 0.050520833333333334 0.08981481481481482
1 0.2557291666666667 0.6268518518518519 0.058333333333333334 0.08333333333333333
1 0.24505208333333334 0.8458333333333333 0.05260416666666667 0.10092592592592593
1 0.7653645833333333 0.9569444444444445 0.07447916666666667 0.075
