2 0.6585 0.7604 0.0539 0.0860
1 0.7767 0.4888 0.0508 0.1101
1 0.5735 0.7339 0.0512 0.1490
1 0.7750 0.7413 0.0435 0.1009
1 0.5717 0.4872 0.0555 0.1058
1 0.3875 0.4503 0.0495 0.1012
1 0.5739 0.9372 0.0465 0.1118
1 0.9511 0.7028 0.0979 0.1116
1 0.3893229166666667 0.6694444444444444 0.03697916666666667 0.10555555555555556
1 0.9466145833333334 0.9435185185185185 0.10572916666666667 0.10185185185185185
1 0.7674479166666667 0.9486111111111111 0.0453125 0.08796296296296297
1 0.38958333333333334 0.9032407407407408 0.042708333333333334 0.11203703703703703
