2 0.4980 0.6290 0.0350 0.0670
1 0.5922 0.3991 0.0398 0.0812
1 0.4058 0.7506 0.0376 0.0941
1 0.4187 0.5574 0.0357 0.0724
1 0.5732 0.5948 0.0395 0.0705
1 0.5595 0.7932 0.0311 0.0871
1 0.2896 0.2850 0.0567 0.0865
1 0.2614 0.6750 0.0412 0.0839
1 0.7328 0.6127 0.0822 0.0999
1 0.7238 0.8390 0.0558 0.0891
1 0.4330 0.3604 0.0395 0.0778
0 0.7861 0.4653 0.0547 0.0853
1 0.2794270833333333 0.4736111111111111 0.0515625 0.07685185185185185
1 0.6903645833333333 0.9689814814814814 0.0546875 0.058333333333333334
