1 0.7120 0.4145 0.0628 0.0970
1 0.4163 0.5492 0.0471 0.0999
1 0.5750 0.2098 0.0443 0.0864
1 0.4251 0.3754 0.0406 0.0927
1 0.4284 0.1788 0.0513 0.0946
1 0.6851 0.7819 0.0526 0.1413
1 0.5645 0.4039 0.0530 0.0918
1 0.2846 0.4829 0.0353 0.0996
1 0.5528 0.5832 0.0493 0.1008
0 0.4962 0.4347 0.0400 0.0768
1 0.28828125 0.10648148148148148 0.05364583333333333 0.09074074074074075
1 0.2869791666666667 0.300462962962963 0.05625 0.08981481481481482
2 0.4984375 0.43148148148148147 0.042708333333333334 0.07407407407407407
1 0.6953125 0.6069444444444444 0.06145833333333333 0.12129629629629629
0 0.7690104166666667 0.25 0.0421875 0.09259259259259259
