2 0.4751 0.5841 0.0349 0.0758
1 0.7006 0.5811 0.0791 0.1143
1 0.4079 0.3220 0.0423 0.1039
1 0.2360 0.6362 0.0421 0.0984
1 0.5304 0.7527 0.0352 0.0907
1 0.5501 0.5589 0.0388 0.0854
1 0.3781 0.7122 0.0402 0.0920
1 0.5646 0.3698 0.0438 0.0933
1 0.2621 0.2424 0.0481 0.1087
1 0.6854 0.7945 0.0591 0.1189
1 0.6678 0.9521 0.0485 0.0925
0 0.7483 0.4354 0.0668 0.1284
0 0.8631 0.4850 0.0745 0.1566
1 0.3957 0.5172 0.0351 0.0864
1 0.2526041666666667 0.43287037037037035 0.04895833333333333 0.09537037037037037
