2 0.5372 0.6340 0.0451 0.0789
0 0.5409 0.6343 0.0481 0.0761
1 0.6320 0.3812 0.0438 0.0919
1 0.4584 0.5712 0.0411 0.0808
1 0.7889 0.5936 0.0896 0.1000
1 0.6115 0.7863 0.0479 0.1008
1 0.4538 0.7585 0.0389 0.1137
1 0.3189 0.3155 0.0549 0.0958
1 0.6211 0.5922 0.0536 0.0841
1 0.4668 0.3658 0.0486 0.0844
1 0.7802083333333333 0.8087962962962963 0.08020833333333334 0.12314814814814815
1 0.31015625 0.5078703703703704 0.04739583333333333 0.09166666666666666
1 0.3026041666666667 0.7069444444444445 0.04479166666666667 0.09537037037037037
