2 0.4684 0.7152 0.0370 0.0639
1 0.6751 0.6948 0.0674 0.1091
1 0.3901 0.8549 0.0379 0.1068
1 0.3978 0.5084 0.0408 0.0868
1 0.5337 0.6993 0.0337 0.0799
1 0.2551 0.8127 0.0324 0.0970
1 0.5293 0.8719 0.0309 0.0972
1 0.5423 0.5189 0.0397 0.0954
1 0.3938 0.6808 0.0321 0.0852
0 0.7182291666666667 0.5231481481481481 0.042708333333333334 0.07222222222222222
1 0.6666666666666666 0.8652777777777778 0.057291666666666664 0.11018518518518519
1 0.25625 0.6337962962962963 0.04375 0.08055555555555556
1 0.25703125 0.4513888888888889 0.0484375 0.0712962962962963
