2 0.4328 0.8190 0.0523 0.0794
1 0.6685 0.8302 0.0857 0.1230
1 0.3408 0.7777 0.0480 0.0943
1 0.3375 0.9438 0.0438 0.0941
1 0.5176 0.6039 0.0478 0.0841
1 0.3523 0.5679 0.0598 0.0858
0 0.7223958333333333 0.65 0.04479166666666667 0.08333333333333333
1 0.19270833333333334 0.6907407407407408 0.053125 0.08148148148148149
1 0.19453125 0.48148148148148145 0.0640625 0.08148148148148149
1 0.17578125 0.8865740740740741 0.0609375 0.10648148148148148
1 0.5072916666666667 0.8032407407407407 0.05 0.10462962962962963
