0 0.4499 0.3929 0.0401 0.0720
1 0.3685 0.3241 0.0495 0.0806
1 0.5289 0.1623 0.0536 0.0800
1 0.5161 0.3594 0.0501 0.0761
1 0.6645 0.3701 0.0691 0.0824
1 0.3630 0.5056 0.0553 0.0940
1 0.5055 0.5419 0.0524 0.0873
1 0.6290 0.7372 0.0580 0.1187
0 0.5197 0.9341 0.0886 0.1116
1 0.3732 0.1277 0.0534 0.0839
0 0.7190 0.2124 0.0547 0.0809
1 0.2296875 0.25 0.05416666666666667 0.07962962962962963
1 0.22604166666666667 0.43148148148148147 0.052083333333333336 0.07592592592592592
1 0.22864583333333333 0.05092592592592592 0.05520833333333333 0.09074074074074075
2 0.44973958333333336 0.3925925925925926 0.0453125 0.06296296296296296
1 0.64375 0.5652777777777778 0.059375 0.08611111111111111
