2 0.6080 0.4491 0.0209 0.0711
1 0.5526 0.2228 0.0411 0.0902
1 0.5401 0.3882 0.0317 0.0869
1 0.7772 0.7919 0.0410 0.1395
1 0.5284 0.5516 0.0408 0.0974
1 0.8246 0.4554 0.0482 0.1194
1 0.4110 0.4805 0.0321 0.0863
1 0.6496 0.5976 0.0515 0.0816
1 0.4332 0.1614 0.0447 0.0945
1 0.6909 0.2559 0.0544 0.0930
1 0.6739 0.4354 0.0476 0.0840
0 0.6073 0.4486 0.0293 0.0809
1 0.4192708333333333 0.31805555555555554 0.03854166666666667 0.06944444444444445
1 0.7979166666666667 0.6157407407407407 0.04375 0.1259259259259259
