1 0.3318 0.5418 0.0886 0.1376
1 0.1056 0.4100 0.0905 0.1334
0 0.7099 0.6763 0.0659 0.1436
0 0.3269 0.5326 0.0916 0.1485
1 0.2900 0.8181 0.0918 0.1434
1 0.7270833333333333 0.9023148148148148 0.15520833333333334 0.175
1 0.5489583333333333 0.5935185185185186 0.08125 0.11666666666666667
1 0.5080729166666667 0.8768518518518519 0.08385416666666666 0.14444444444444443
2 0.3966145833333333 0.8907407407407407 0.08177083333333333 0.11666666666666667
1 0.06875 0.6902777777777778 0.09791666666666667 0.14166666666666666
