2 0.5463 0.7574 0.0456 0.0782
1 0.4576 0.6985 0.0452 0.0973
1 0.7961 0.7496 0.0828 0.1198
1 0.4653 0.4891 0.0557 0.0916
1 0.6217 0.7353 0.0573 0.0864
1 0.3228 0.4319 0.0536 0.0921
1 0.4490 0.8951 0.0487 0.1080
1 0.6305 0.5164 0.0554 0.0853
1 0.315625 0.6231481481481481 0.05416666666666667 0.0962962962962963
1 0.30494791666666665 0.8180555555555555 0.0515625 0.09722222222222222
1 0.61484375 0.937037037037037 0.05260416666666667 0.09444444444444444
1 0.7854166666666667 0.9435185185185185 0.065625 0.10185185185185185
