2 0.6973 0.4838 0.0418 0.0724
1 0.7885 0.2421 0.0675 0.0891
1 0.6012 0.4427 0.0418 0.0900
1 0.6001 0.6284 0.0421 0.0958
1 0.9688 0.4850 0.0565 0.1342
1 0.7597 0.6743 0.0592 0.0946
1 0.4548 0.1958 0.0555 0.0792
1 0.7719 0.4731 0.0566 0.0922
1 0.4645 0.5651 0.0361 0.0956
1 0.9355 0.9096 0.0543 0.1560
0 0.5187 0.9465 0.0812 0.1202
1 0.6023 0.2436 0.0571 0.0833
1 0.46015625 0.38101851851851853 0.044270833333333336 0.08055555555555556
1 0.9559895833333333 0.6990740740740741 0.06614583333333333 0.1425925925925926
