2 0.6384 0.5480 0.0248 0.0627
1 0.7049 0.5251 0.0546 0.0851
1 0.8589 0.5473 0.0529 0.1210
1 0.6887 0.7018 0.0522 0.0886
1 0.8253 0.9094 0.0405 0.1163
1 0.5629 0.6482 0.0369 0.1053
1 0.5743 0.3254 0.0411 0.1002
1 0.4445 0.5883 0.0352 0.0857
1 0.7170 0.3370 0.0523 0.0868
1 0.4498 0.4412 0.0381 0.0745
0 0.6371 0.5466 0.0318 0.0785
1 0.5694 0.4901 0.0357 0.0771
1 0.8401041666666667 0.7236111111111111 0.041666666666666664 0.1175925925925926
1 0.4591145833333333 0.2564814814814815 0.04010416666666667 0.07037037037037037
