1 0.4043 0.5659 0.0458 0.0962
1 0.4251 0.3674 0.0466 0.1033
1 0.7146 0.6468 0.0790 0.1387
1 0.3900 0.7561 0.0343 0.1155
1 0.2847 0.2871 0.0665 0.1220
1 0.5804 0.4110 0.0431 0.1122
1 0.2436 0.6713 0.0347 0.1037
1 0.2669270833333333 0.46620370370370373 0.04739583333333333 0.0712962962962963
0 0.77421875 0.4925925925925926 0.0421875 0.12037037037037036
2 0.4796875 0.6587962962962963 0.04375 0.11018518518518519
1 0.55625 0.6087962962962963 0.05 0.11203703703703703
1 0.5380208333333333 0.8203703703703704 0.04583333333333333 0.1
1 0.6950520833333333 0.8606481481481482 0.06614583333333333 0.13055555555555556
