1 0.4326 0.2870 0.0536 0.0959
1 0.4209 0.4746 0.0477 0.0915
1 0.7220 0.5113 0.0780 0.1142
1 0.5851 0.3186 0.0490 0.0874
1 0.6984 0.8733 0.0564 0.1557
1 0.5684 0.5087 0.0517 0.0917
0 0.7783 0.3583 0.0540 0.0996
1 0.7096354166666666 0.6958333333333333 0.0703125 0.12314814814814815
1 0.5596354166666667 0.687962962962963 0.0515625 0.11481481481481481
1 0.4083333333333333 0.6546296296296297 0.052083333333333336 0.1111111111111111
2 0.5005208333333333 0.5296296296296297 0.046875 0.08518518518518518
1 0.27838541666666666 0.5893518518518519 0.05572916666666667 0.08981481481481482
1 0.2872395833333333 0.4064814814814815 0.05260416666666667 0.10185185185185185
1 0.29244791666666664 0.22453703703703703 0.05572916666666667 0.09537037037037037
