2 0.5702 0.7570 0.0549 0.0732
1 0.4845 0.5012 0.0557 0.0867
0 0.4871 0.4966 0.0544 0.0971
1 0.4878 0.7135 0.0504 0.0954
1 0.8410 0.7024 0.1033 0.1121
1 0.48776041666666664 0.5009259259259259 0.050520833333333334 0.07962962962962963
1 0.3177083333333333 0.45 0.053125 0.06851851851851852
1 0.32369791666666664 0.6662037037037037 0.049479166666666664 0.08796296296296297
1 0.32265625 0.8777777777777778 0.049479166666666664 0.10185185185185185
1 0.6619791666666667 0.49212962962962964 0.04583333333333333 0.09166666666666666
1 0.6614583333333334 0.711574074074074 0.05416666666666667 0.10648148148148148
1 0.6598958333333333 0.9328703703703703 0.04583333333333333 0.11018518518518519
1 0.48828125 0.9384259259259259 0.05677083333333333 0.11203703703703703
1 0.8356770833333333 0.9212962962962963 0.09947916666666666 0.13703703703703704
