2 0.6200 0.4512 0.0442 0.0681
1 0.5275 0.4064 0.0458 0.0846
1 0.7018 0.2100 0.0684 0.0874
1 0.5285 0.5904 0.0508 0.1015
1 0.8790 0.4367 0.0718 0.1218
1 0.6896 0.4310 0.0586 0.0867
1 0.6848 0.6269 0.0532 0.0919
1 0.3786 0.1609 0.0626 0.0808
1 0.3953 0.5305 0.0443 0.0957
1 0.5269 0.2082 0.0574 0.0773
1 0.85625 0.6388888888888888 0.059375 0.13148148148148148
1 0.8427083333333333 0.8402777777777778 0.052083333333333336 0.15833333333333333
1 0.39296875 0.3537037037037037 0.0484375 0.07962962962962963
