2 0.4601 0.5351 0.0300 0.0681
1 0.6781 0.5196 0.0769 0.1055
1 0.3964 0.2716 0.0372 0.0908
1 0.3708 0.6597 0.0392 0.0966
1 0.5184 0.6989 0.0354 0.0897
1 0.2262 0.5884 0.0410 0.0970
1 0.5518 0.3097 0.0367 0.0916
1 0.5322 0.5040 0.0357 0.0800
1 0.6570 0.9134 0.0407 0.1142
1 0.6665 0.7230 0.0419 0.0935
1 0.2472 0.1888 0.0469 0.0887
1 0.2380 0.3936 0.0430 0.0874
1 0.3823 0.4672 0.0356 0.0816
0 0.9714 0.3980 0.0535 0.0850
0 0.7348958333333333 0.36342592592592593 0.041666666666666664 0.08796296296296297
