2 0.4528 0.4749 0.0465 0.0735
1 0.3629 0.3956 0.0513 0.0851
1 0.5415 0.2055 0.0457 0.1021
1 0.6813 0.8579 0.0617 0.1301
1 0.7018 0.4274 0.0884 0.0999
1 0.3605 0.6024 0.0516 0.1037
1 0.5310 0.4259 0.0559 0.0846
1 0.2014 0.1013 0.0725 0.1072
1 0.5237 0.6299 0.0540 0.0985
0 0.7544 0.2559 0.0611 0.0904
1 0.3664 0.1742 0.0541 0.0961
0 0.2518 0.9507 0.0726 0.0876
1 0.20338541666666668 0.31805555555555554 0.06614583333333333 0.09722222222222222
1 0.19739583333333333 0.5375 0.058333333333333334 0.09166666666666666
