2 0.4484 0.6212 0.0268 0.0944
1 0.3786 0.5860 0.0266 0.0941
1 0.3757 0.7503 0.0316 0.1048
1 0.2442 0.7097 0.0356 0.0952
1 0.5148 0.5973 0.0290 0.0925
1 0.6494 0.5892 0.0599 0.1402
1 0.2430 0.3740 0.0406 0.1034
1 0.6372 0.9121 0.0426 0.1496
1 0.5205 0.4267 0.0293 0.0972
1 0.5121 0.7628 0.0292 0.0918
0 0.1328 0.8540 0.0357 0.1121
0 0.6880 0.4356 0.0400 0.1139
1 0.3777 0.4147 0.0318 0.0997
1 0.240625 0.5351851851851852 0.040625 0.08703703703703704
1 0.64375 0.7486111111111111 0.05520833333333333 0.11388888888888889
