2 0.7377 0.4901 0.0430 0.0807
1 0.6411 0.4494 0.0415 0.0932
1 0.8358 0.2498 0.0682 0.0900
1 0.6394 0.6351 0.0435 0.1068
1 0.8210 0.4838 0.0687 0.1122
1 0.4955 0.1971 0.0560 0.0912
1 0.8110 0.6746 0.0473 0.1044
0 0.5555 0.9557 0.0628 0.0941
1 0.6449 0.2459 0.0563 0.0845
1 0.50234375 0.39166666666666666 0.043229166666666666 0.07777777777777778
1 0.5020833333333333 0.5675925925925925 0.041666666666666664 0.09074074074074075
1 0.9690104166666667 0.9046296296296297 0.058854166666666666 0.16666666666666666
