1 0.5635 0.4827 0.0412 0.0834
1 0.5727 0.3239 0.0411 0.0926
1 0.5531 0.6404 0.0382 0.0978
1 0.8534 0.5506 0.0569 0.1001
1 0.6983 0.5222 0.0579 0.0817
1 0.8114 0.9031 0.0357 0.1168
1 0.6789 0.6859 0.0552 0.0889
1 0.7162 0.3499 0.0609 0.0878
1 0.4412 0.5651 0.0316 0.0976
0 0.5282 0.9761 0.0846 0.0475
1 0.45807291666666666 0.25833333333333336 0.0421875 0.07407407407407407
1 0.4510416666666667 0.4222222222222222 0.034375 0.06296296296296296
2 0.63515625 0.5342592592592592 0.027604166666666666 0.053703703703703705
1 0.8283854166666667 0.7226851851851852 0.043229166666666666 0.10648148148148148
