2 0.4466 0.5481 0.0303 0.0894
1 0.5059 0.7128 0.0356 0.1034
1 0.2012 0.5947 0.0501 0.0959
1 0.3800 0.2778 0.0431 0.1103
1 0.6781 0.5294 0.0790 0.1145
1 0.5234 0.5130 0.0415 0.0918
1 0.3490 0.6730 0.0448 0.1000
1 0.5430 0.3160 0.0455 0.1132
1 0.6576 0.9463 0.0390 0.1057
1 0.6729 0.7422 0.0389 0.1057
0 0.2245 0.9722 0.0925 0.0477
1 0.3656 0.4729 0.0432 0.0870
0 0.7393229166666667 0.3837962962962963 0.04114583333333333 0.10092592592592593
1 0.22890625 0.19166666666666668 0.058854166666666666 0.09259259259259259
1 0.21354166666666666 0.3888888888888889 0.06145833333333333 0.09444444444444444
