1 0.3899 0.5018 0.0667 0.0991
1 0.3745 0.7243 0.0521 0.0947
1 0.7379 0.7837 0.0932 0.1174
1 0.5693 0.5296 0.0722 0.1121
1 0.3658 0.9417 0.0543 0.0983
0 0.3907 0.4980 0.0761 0.1058
2 0.48411458333333335 0.7763888888888889 0.0421875 0.06574074074074074
2 0.4557291666666667 0.7949074074074074 0.0375 0.06018518518518518
1 0.22317708333333333 0.4134259259259259 0.07447916666666667 0.0787037037037037
1 0.20364583333333333 0.6504629629629629 0.0625 0.0787037037037037
1 0.19557291666666668 0.8671296296296296 0.07760416666666667 0.10277777777777777
1 0.5611979166666666 0.7550925925925925 0.06927083333333334 0.09907407407407408
1 0.5424479166666667 0.9652777777777778 0.058854166666666666 0.058333333333333334
