2 0.6036 0.4469 0.0389 0.0719
1 0.5149 0.4056 0.0449 0.0944
1 0.6857 0.2104 0.0709 0.0835
1 0.8624 0.4346 0.0724 0.1137
1 0.3669 0.1638 0.0565 0.0820
1 0.6678 0.6252 0.0580 0.0961
1 0.5142 0.5878 0.0469 0.0987
1 0.6771 0.4318 0.0824 0.1008
1 0.8278 0.8582 0.0526 0.1346
1 0.5120 0.2080 0.0556 0.0782
1 0.37916666666666665 0.3587962962962963 0.04479166666666667 0.07314814814814814
1 0.38046875 0.5351851851851852 0.04635416666666667 0.10185185185185185
1 0.8432291666666667 0.6388888888888888 0.06041666666666667 0.1388888888888889
