2 0.6421 0.5052 0.0323 0.0516
1 0.8614 0.5037 0.0524 0.0872
1 0.5598 0.6124 0.0386 0.0832
1 0.5733 0.2782 0.0428 0.0786
1 0.6859 0.6561 0.0516 0.0736
1 0.7203 0.2983 0.0638 0.0735
1 0.7039 0.4828 0.0594 0.0711
1 0.4444 0.5457 0.0375 0.0717
1 0.4474 0.3971 0.0428 0.0684
1 0.3654 0.8353 0.1126 0.1485
1 0.8198 0.8616 0.0397 0.1042
1 0.5643 0.4477 0.0333 0.0685
1 0.4596354166666667 0.2222222222222222 0.04010416666666667 0.07037037037037037
1 0.83828125 0.6856481481481481 0.04739583333333333 0.11388888888888889
