1 0.6882 0.6207 0.0760 0.1411
1 0.3524 0.7377 0.0463 0.1185
1 0.3949 0.3511 0.0509 0.1285
1 0.5299 0.5884 0.0439 0.1042
1 0.5517 0.4063 0.0545 0.1317
1 0.3741 0.5410 0.0426 0.1194
1 0.5072 0.7812 0.0393 0.1148
0 0.3756 0.5343 0.0399 0.1178
0 0.7426 0.4712 0.0609 0.1303
1 0.23619791666666667 0.4675925925925926 0.05260416666666667 0.08518518518518518
1 0.24557291666666667 0.26666666666666666 0.0578125 0.10555555555555556
2 0.45546875 0.6226851851851852 0.043229166666666666 0.08796296296296297
1 0.6669270833333333 0.8115740740740741 0.06510416666666667 0.13240740740740742
1 0.21119791666666668 0.649537037037037 0.0515625 0.10277777777777777
