2 0.7033 0.4821 0.0441 0.0706
1 0.6093 0.2370 0.0543 0.0861
1 0.7963 0.2404 0.0680 0.0885
1 0.6072 0.6313 0.0450 0.1010
1 0.7819 0.4715 0.0615 0.0944
1 0.4722 0.5688 0.0375 0.0930
1 0.7721 0.6701 0.0452 0.1010
1 0.9771 0.4807 0.0469 0.1397
1 0.9451 0.9187 0.0559 0.1325
1 0.4645 0.1948 0.0571 0.0879
1 0.4103 0.8721 0.1081 0.1318
1 0.6082 0.4445 0.0423 0.0863
1 0.47213541666666664 0.38425925925925924 0.049479166666666664 0.08148148148148149
1 0.9619791666666667 0.6944444444444444 0.07291666666666667 0.14814814814814814
