1 0.3894 0.5432 0.0499 0.0953
1 0.2401 0.4774 0.0714 0.1131
1 0.3881 0.7379 0.0408 0.0955
1 0.7086 0.7791 0.0744 0.1230
0 0.7505208333333333 0.5935185185185186 0.04479166666666667 0.08703703703703704
1 0.5528645833333333 0.562962962962963 0.04010416666666667 0.08703703703703704
1 0.5442708333333334 0.7611111111111111 0.046875 0.1111111111111111
1 0.53671875 0.9462962962962963 0.04010416666666667 0.09814814814814815
1 0.22708333333333333 0.8546296296296296 0.059375 0.11666666666666667
1 0.23151041666666666 0.6625 0.05364583333333333 0.10092592592592593
1 0.37447916666666664 0.9217592592592593 0.059375 0.13240740740740742
2 0.4666666666666667 0.7699074074074074 0.04791666666666667 0.0712962962962963
