0 0.5263 0.7485 0.0491 0.0741
1 0.4475 0.4777 0.0579 0.0932
1 0.7774 0.7394 0.0850 0.1097
1 0.6129 0.5062 0.0564 0.0843
1 0.6046 0.7116 0.0646 0.0862
1 0.4358 0.8758 0.0481 0.1060
1 0.5945 0.9314 0.0538 0.1036
1 0.4418 0.6799 0.0507 0.0886
2 0.5294270833333333 0.7439814814814815 0.049479166666666664 0.08425925925925926
1 0.7622395833333333 0.937962962962963 0.07135416666666666 0.09814814814814815
1 0.29401041666666666 0.6050925925925926 0.0515625 0.09166666666666666
1 0.303125 0.4046296296296296 0.05520833333333333 0.08333333333333333
1 0.2833333333333333 0.8027777777777778 0.05 0.1
