2 0.6475 0.5113 0.0317 0.0508
1 0.5800 0.2814 0.0468 0.0682
1 0.7270 0.2997 0.0620 0.0734
1 0.8675 0.5073 0.0541 0.0866
1 0.5641 0.6193 0.0457 0.0758
1 0.4521 0.5482 0.0419 0.0712
1 0.7098 0.4847 0.0576 0.0641
1 0.8245 0.8611 0.0482 0.1255
1 0.5803 0.8912 0.2129 0.1146
1 0.6949 0.6578 0.0518 0.0730
0 0.5594 0.9666 0.1135 0.0867
1 0.5717 0.4522 0.0362 0.0640
1 0.46171875 0.21898148148148147 0.04010416666666667 0.0712962962962963
1 0.45546875 0.3851851851851852 0.04010416666666667 0.06481481481481481
1 0.846875 0.687962962962963 0.042708333333333334 0.11481481481481481
