2 0.4892 0.6886 0.0377 0.0689
1 0.4141 0.8230 0.0340 0.0959
1 0.4217 0.4903 0.0404 0.0852
1 0.6977 0.6678 0.0705 0.1007
1 0.2842 0.4429 0.0464 0.0885
1 0.5643 0.5037 0.0359 0.0864
1 0.5580 0.6713 0.0319 0.0776
1 0.4177 0.6627 0.0314 0.0803
0 0.7361979166666667 0.5097222222222222 0.04010416666666667 0.0712962962962963
1 0.28619791666666666 0.6152777777777778 0.04114583333333333 0.08425925925925926
1 0.2791666666666667 0.7773148148148148 0.03958333333333333 0.08981481481481482
1 0.6888020833333334 0.837037037037037 0.06822916666666666 0.1111111111111111
1 0.5513020833333333 0.8425925925925926 0.04010416666666667 0.1037037037037037
1 0.6666666666666666 0.9648148148148148 0.04895833333333333 0.06481481481481481
