2 0.5444 0.5686 0.0382 0.0654
1 0.4724 0.5332 0.0325 0.0898
1 0.6280 0.3607 0.0378 0.0995
1 0.7642 0.5297 0.0773 0.1140
1 0.3291 0.6702 0.0329 0.0983
1 0.4688 0.7108 0.0363 0.1125
1 0.6180 0.5487 0.0359 0.0813
1 0.7498 0.9103 0.0494 0.0941
1 0.3249 0.3010 0.0385 0.1097
1 0.4736 0.3526 0.0344 0.0989
1 0.7528645833333333 0.7268518518518519 0.07760416666666667 0.08888888888888889
0 0.8145833333333333 0.36898148148148147 0.040625 0.08425925925925926
1 0.32760416666666664 0.49166666666666664 0.046875 0.08148148148148149
