2 0.6127 0.4605 0.0323 0.0555
1 0.5469 0.2233 0.0484 0.0691
1 0.8243 0.4572 0.0490 0.0864
1 0.4134 0.4920 0.0451 0.0722
1 0.4293 0.1644 0.0534 0.0785
1 0.6523 0.6060 0.0473 0.0688
1 0.7828 0.8131 0.0367 0.1034
1 0.6902 0.2483 0.0603 0.0716
1 0.5182 0.9485 0.1222 0.1211
1 0.5075 0.8964 0.1488 0.1454
1 0.6724 0.4334 0.0588 0.0678
1 0.5372 0.4001 0.0352 0.0623
1 0.4165 0.3255 0.0548 0.0695
1 0.5266 0.5657 0.0394 0.0725
1 0.8026041666666667 0.6342592592592593 0.03854166666666667 0.11296296296296296
