1 0.6025 0.9000 0.0782 0.1456
1 0.2466 0.7776 0.0747 0.1185
1 0.2668 0.5465 0.0787 0.1041
0 0.2705 0.5450 0.0837 0.1069
1 0.4514 0.6278 0.0730 0.1136
1 0.9916 0.2220 0.0125 0.0879
1 0.0957 0.4334 0.0849 0.1116
0 0.6765 0.7108 0.0570 0.0954
1 0.05078125 0.8791666666666667 0.09010416666666667 0.1398148148148148
1 0.07213541666666666 0.6476851851851851 0.08802083333333334 0.11574074074074074
2 0.3458333333333333 0.85 0.058333333333333334 0.08333333333333333
1 0.42552083333333335 0.8430555555555556 0.07708333333333334 0.12314814814814815
1 0.22526041666666666 0.9648148148148148 0.059895833333333336 0.05925925925925926
