1 0.5703 0.4894 0.0813 0.1085
1 0.4073 0.2600 0.0627 0.0909
1 0.7482 0.4924 0.0569 0.1214
1 0.5688 0.6842 0.0653 0.1280
1 0.5789 0.2721 0.0846 0.0984
1 0.7329 0.9072 0.0339 0.1201
1 0.2902 0.5886 0.0453 0.1021
1 0.4281 0.6458 0.0427 0.1110
1 0.4177 0.4697 0.0531 0.0957
1 0.7408 0.7173 0.0494 0.0911
2 0.5151041666666667 0.5046296296296297 0.035416666666666666 0.06851851851851852
1 0.2765625 0.40694444444444444 0.06458333333333334 0.08055555555555556
1 0.26614583333333336 0.2101851851851852 0.06979166666666667 0.07222222222222222
