2 0.6286 0.4869 0.0431 0.0673
1 0.5479 0.4318 0.0463 0.0769
1 0.5556 0.2548 0.0575 0.0750
1 0.6758 0.6379 0.0643 0.0839
1 0.5427 0.5891 0.0490 0.0964
1 0.6887 0.4691 0.0723 0.0798
1 0.8438 0.4914 0.0770 0.1143
1 0.7041 0.2797 0.0694 0.0764
0 0.4524 0.9473 0.0914 0.1096
1 0.42552083333333335 0.36666666666666664 0.03125 0.06481481481481481
1 0.43020833333333336 0.19212962962962962 0.053125 0.08055555555555556
1 0.4236979166666667 0.5185185185185185 0.0421875 0.07962962962962963
1 0.83125 0.6791666666666667 0.05 0.11203703703703703
1 0.8143229166666667 0.8462962962962963 0.04114583333333333 0.13333333333333333
