2 0.5861 0.7711 0.0470 0.0791
1 0.8639 0.7168 0.0953 0.1100
1 0.4976 0.7207 0.0410 0.0945
1 0.6759 0.7354 0.0414 0.1050
1 0.4959 0.9375 0.0421 0.1114
1 0.6749 0.5080 0.0433 0.0905
1 0.3336 0.4632 0.0576 0.0901
1 0.6773 0.9411 0.0409 0.1005
1 0.4944 0.5070 0.0445 0.0852
1 0.3341145833333333 0.6689814814814815 0.0515625 0.08981481481481482
1 0.33958333333333335 0.8837962962962963 0.051041666666666666 0.11388888888888889
1 0.8572916666666667 0.9282407407407407 0.09791666666666667 0.13055555555555556
