1 0.6794 0.4711 0.0512 0.0807
1 0.5554 0.2605 0.0445 0.0914
1 0.5441 0.4204 0.0333 0.0851
1 0.5317 0.5834 0.0405 0.1001
1 0.8300 0.5029 0.0594 0.1257
1 0.7001 0.2969 0.0585 0.0839
1 0.6588 0.6301 0.0479 0.0887
1 0.7813 0.8229 0.0459 0.1393
1 0.4158 0.5151 0.0363 0.0940
1 0.43671875 0.19537037037037036 0.04114583333333333 0.07777777777777778
1 0.80078125 0.6611111111111111 0.049479166666666664 0.12222222222222222
2 0.6182291666666667 0.49537037037037035 0.026041666666666668 0.05185185185185185
1 0.425 0.35462962962962963 0.0375 0.07962962962962963
