1 0.8157 0.3675 0.0665 0.0836
1 0.9691 0.5562 0.0703 0.1090
1 0.6369 0.3864 0.0607 0.0902
0 0.6388 0.3807 0.0667 0.0920
1 0.6389 0.5843 0.0667 0.0909
1 0.4861979166666667 0.35185185185185186 0.044270833333333336 0.06296296296296296
1 0.4921875 0.7319444444444444 0.05520833333333333 0.0787037037037037
1 0.63515625 0.7851851851851852 0.05260416666666667 0.08518518518518518
1 0.8018229166666667 0.7916666666666666 0.0640625 0.10555555555555556
1 0.8109375 0.5810185185185185 0.059375 0.08425925925925926
