2 0.6519 0.4759 0.0379 0.0702
1 0.5592 0.2346 0.0534 0.0805
1 0.7368 0.2347 0.0677 0.0874
1 0.5582 0.6211 0.0423 0.0973
1 0.7173 0.6616 0.0579 0.0968
1 0.9265 0.4734 0.0569 0.1022
1 0.7238 0.4655 0.0601 0.0923
1 0.4101 0.1819 0.0540 0.0859
1 0.4248 0.5529 0.0392 0.0907
0 0.4826 0.9537 0.0603 0.0977
1 0.5585 0.4348 0.0413 0.0916
1 0.4192708333333333 0.37083333333333335 0.046875 0.0787037037037037
1 0.8984375 0.6708333333333333 0.065625 0.16018518518518518
1 0.8768229166666667 0.8671296296296296 0.05677083333333333 0.1675925925925926
