2 0.5180 0.6352 0.0297 0.0912
1 0.4515 0.4151 0.0298 0.1064
1 0.4451 0.7807 0.0278 0.1029
1 0.7358 0.5988 0.0781 0.1049
1 0.5918 0.6109 0.0292 0.0912
1 0.3112 0.7262 0.0314 0.1130
1 0.5891 0.7983 0.0287 0.0890
1 0.5976 0.4277 0.0313 0.1028
1 0.7238 0.9539 0.0424 0.1002
1 0.3058 0.3679 0.0378 0.1152
0 0.1847 0.4092 0.0328 0.1306
1 0.4489 0.5986 0.0262 0.0948
1 0.30572916666666666 0.5467592592592593 0.046875 0.0787037037037037
0 0.7763020833333333 0.43796296296296294 0.0390625 0.08518518518518518
1 0.7283854166666667 0.7865740740740741 0.0640625 0.10277777777777777
