1 0.5617 0.0802 0.0531 0.0728
1 0.5530 0.2589 0.0477 0.0721
1 0.8369 0.3231 0.0694 0.0947
1 0.7082 0.1088 0.0619 0.0735
1 0.6868 0.2998 0.0686 0.0699
1 0.5431 0.4166 0.0428 0.0869
1 0.4400 0.0222 0.0467 0.0476
1 0.6684 0.4643 0.0625 0.0825
0 0.6265 0.3250 0.0427 0.0689
1 0.43515625 0.1912037037037037 0.04114583333333333 0.06944444444444445
2 0.6205729166666667 0.3199074074074074 0.0328125 0.06018518518518518
1 0.42916666666666664 0.350462962962963 0.03854166666666667 0.07314814814814814
1 0.81015625 0.5013888888888889 0.049479166666666664 0.10462962962962963
1 0.78828125 0.6666666666666666 0.04635416666666667 0.1111111111111111
