1 0.5463 0.4310 0.0756 0.1151
1 0.5522 0.1853 0.0754 0.1090
1 0.3881 0.4087 0.0449 0.1138
1 0.3715 0.1864 0.0705 0.1101
1 0.7363 0.4187 0.0542 0.1318
1 0.5537 0.6371 0.0591 0.1220
1 0.3982 0.5981 0.0420 0.1075
1 0.2574 0.5533 0.0421 0.1037
1 0.2162 0.1423 0.0765 0.1219
1 0.7191 0.8562 0.0452 0.1356
1 0.2405 0.3646 0.0453 0.0833
1 0.2158 0.8724 0.1010 0.1436
0 0.3604 0.9484 0.0812 0.1183
0 0.2136 0.9007 0.1091 0.1531
1 0.72421875 0.6287037037037037 0.0453125 0.1537037037037037
2 0.4921875 0.4449074074074074 0.0375 0.0787037037037037
