2 0.4951 0.4040 0.0376 0.0856
1 0.3732 0.1484 0.0705 0.1126
1 0.5479 0.3959 0.0763 0.1165
1 0.2175 0.1019 0.0701 0.1169
1 0.7451 0.3901 0.0551 0.1290
1 0.5542 0.6064 0.0597 0.1404
1 0.3886 0.3745 0.0441 0.1075
1 0.7178 0.8226 0.0489 0.1478
1 0.3969 0.5816 0.0448 0.1403
1 0.2525 0.5199 0.0414 0.1189
1 0.4307 0.9375 0.1757 0.1912
1 0.5557 0.1462 0.0734 0.1107
0 0.2166 0.8678 0.1026 0.1844
1 0.240625 0.3175925925925926 0.059375 0.08888888888888889
1 0.7302083333333333 0.600925925925926 0.03854166666666667 0.1537037037037037
