2 0.4762 0.6024 0.0396 0.0731
1 0.3968 0.5347 0.0421 0.0845
1 0.4079 0.3338 0.0460 0.1025
1 0.5510 0.5803 0.0442 0.0842
1 0.5665 0.3775 0.0386 0.0944
1 0.3797 0.7349 0.0434 0.1034
1 0.5344 0.7766 0.0443 0.1010
1 0.7072 0.5985 0.0810 0.1045
1 0.6635416666666667 0.9587962962962963 0.05625 0.08055555555555556
1 0.68984375 0.7949074074074074 0.06510416666666667 0.11203703703703703
0 0.7580729166666667 0.4388888888888889 0.0453125 0.07777777777777778
1 0.25729166666666664 0.25324074074074077 0.053125 0.09166666666666666
1 0.24609375 0.4476851851851852 0.0484375 0.08425925925925926
1 0.23411458333333332 0.6472222222222223 0.049479166666666664 0.07962962962962963
