2 0.4947 0.6571 0.0323 0.0863
1 0.7235 0.6348 0.0779 0.1205
1 0.5749 0.4466 0.0368 0.0944
1 0.5706 0.6364 0.0344 0.0910
1 0.2708 0.7449 0.0342 0.1128
1 0.5632 0.8297 0.0329 0.0992
1 0.4150 0.6228 0.0306 0.0999
1 0.2660 0.3742 0.0508 0.1046
1 0.4108 0.8154 0.0300 0.1099
0 0.7670 0.4672 0.0478 0.1065
1 0.4169 0.4360 0.0377 0.0974
1 0.7166666666666667 0.8263888888888888 0.057291666666666664 0.13425925925925927
1 0.7010416666666667 0.950462962962963 0.06041666666666667 0.09351851851851851
1 0.2669270833333333 0.5606481481481481 0.0484375 0.09907407407407408
