1 0.4320 0.5479 0.0505 0.0950
1 0.7555 0.5593 0.0851 0.1125
1 0.5992 0.3585 0.0446 0.0970
1 0.4273 0.7383 0.0481 0.1142
1 0.5918 0.5591 0.0448 0.0941
1 0.4344 0.3373 0.0459 0.1212
1 0.5881 0.7728 0.0470 0.1050
1 0.2834 0.6800 0.0566 0.1397
0 0.5162 0.6045 0.0406 0.0846
1 0.28619791666666666 0.48009259259259257 0.059895833333333336 0.0824074074074074
1 0.2791666666666667 0.2814814814814815 0.0625 0.0962962962962963
1 0.746875 0.7773148148148148 0.06979166666666667 0.11574074074074074
1 0.7333333333333333 0.9490740740740741 0.06354166666666666 0.08888888888888889
0 0.8026041666666667 0.3875 0.04895833333333333 0.08055555555555556
2 0.5143229166666666 0.6018518518518519 0.04739583333333333 0.07407407407407407
