2 0.6127 0.4489 0.0315 0.0527
1 0.6591 0.5917 0.0518 0.0764
1 0.6901 0.2336 0.0679 0.0756
1 0.8288 0.4437 0.0550 0.0950
1 0.6745 0.4187 0.0642 0.0727
1 0.5397 0.3827 0.0367 0.0732
1 0.4164 0.4844 0.0428 0.0786
1 0.5472 0.2131 0.0473 0.0740
1 0.4264 0.1551 0.0531 0.0832
1 0.4176 0.3181 0.0507 0.0679
0 0.5201 0.9434 0.1184 0.1293
1 0.5003 0.8924 0.1772 0.1454
0 0.4352 0.9427 0.0948 0.1222
1 0.7867 0.7958 0.0433 0.1352
1 0.5283 0.5525 0.0419 0.0795
1 0.80625 0.6203703703703703 0.04375 0.10925925925925926
