2 0.6775 0.6836 0.0605 0.0967
1 0.3340 0.3018 0.0628 0.1321
1 0.8319 0.6013 0.0671 0.1541
1 0.5706 0.3279 0.0653 0.1308
1 0.9830 0.5186 0.0339 0.1192
1 0.8240 0.2909 0.0716 0.1266
1 0.5868 0.6342 0.0686 0.1358
0 0.5974 0.9104 0.0546 0.2071
1 0.83984375 0.8898148148148148 0.0796875 0.1648148148148148
1 0.59453125 0.9087962962962963 0.06510416666666667 0.16203703703703703
1 0.34427083333333336 0.5962962962962963 0.04895833333333333 0.11666666666666667
1 0.36484375 0.8925925925925926 0.050520833333333334 0.13703703703703704
