2 0.5170 0.5531 0.0397 0.0782
1 0.4441 0.3194 0.0424 0.1012
1 0.7410 0.5292 0.0760 0.1124
1 0.5878 0.5265 0.0420 0.0842
1 0.7167 0.9048 0.0555 0.1360
1 0.4323 0.6761 0.0452 0.1158
1 0.2168 0.9437 0.1120 0.1097
1 0.5973 0.3373 0.0459 0.0932
1 0.5803 0.7082 0.0458 0.0983
1 0.4389 0.5044 0.0419 0.0934
0 0.7916 0.3692 0.0504 0.1007
1 0.30520833333333336 0.2550925925925926 0.05 0.08981481481481482
1 0.30026041666666664 0.44074074074074077 0.05364583333333333 0.08703703703703704
1 0.29401041666666666 0.6185185185185185 0.0515625 0.09259259259259259
1 0.72890625 0.7199074074074074 0.0671875 0.11203703703703703
