1 0.5727 0.5223 0.0399 0.0818
1 0.7269 0.3603 0.0596 0.0834
1 0.7171 0.5526 0.0594 0.0923
1 0.7038 0.7407 0.0566 0.0936
1 0.4485 0.6270 0.0399 0.0876
1 0.5792 0.3425 0.0424 0.0964
1 0.5672 0.6894 0.0389 0.1085
1 0.8761 0.5677 0.0723 0.1275
1 0.8563 0.9530 0.0393 0.1003
0 0.6477 0.5743 0.0306 0.0842
1 0.4583333333333333 0.2916666666666667 0.0375 0.06481481481481481
1 0.45078125 0.45694444444444443 0.0421875 0.06944444444444445
1 0.8638020833333333 0.7652777777777777 0.05572916666666667 0.12314814814814815
2 0.6494791666666667 0.5708333333333333 0.034375 0.05462962962962963
