1 0.4454 0.6860 0.0416 0.1132
1 0.8113 0.6804 0.0867 0.1330
1 0.4433 0.9109 0.0483 0.1459
1 0.4455 0.4633 0.0432 0.1056
1 0.6247 0.6963 0.0405 0.1205
1 0.6288 0.4589 0.0385 0.1058
1 0.2677 0.4097 0.0496 0.1056
1 0.2755 0.8562 0.0353 0.1532
1 0.6276 0.9173 0.0403 0.1401
1 0.9812 0.5202 0.0410 0.1686
1 0.8091145833333333 0.9236111111111112 0.08697916666666666 0.125
1 0.27239583333333334 0.6180555555555556 0.052083333333333336 0.09907407407407408
2 0.5364583333333334 0.7356481481481482 0.03958333333333333 0.10092592592592593
