1 0.4054 0.4692 0.0538 0.0981
1 0.5634 0.6975 0.0569 0.1001
1 0.7411 0.4958 0.0557 0.1334
1 0.3956 0.2599 0.0629 0.1009
1 0.5654 0.2637 0.0793 0.1084
1 0.7234 0.9081 0.0469 0.1362
1 0.2807 0.6008 0.0506 0.0893
1 0.5565 0.5030 0.0776 0.1150
1 0.4147 0.6617 0.0532 0.0979
1 0.7373 0.7199 0.0474 0.0917
0 0.3705 0.9682 0.0820 0.0522
1 0.265625 0.4203703703703704 0.06979166666666667 0.07962962962962963
1 0.24609375 0.2101851851851852 0.07552083333333333 0.07962962962962963
2 0.509375 0.5148148148148148 0.034375 0.06666666666666667
