1 0.4085 0.2799 0.0576 0.1452
1 0.4097 0.4944 0.0628 0.1383
0 0.4037 0.7047 0.0583 0.1331
1 0.5678 0.7473 0.0636 0.1432
0 0.7842 0.3536 0.0635 0.1350
1 0.7364 0.5183 0.0907 0.1454
1 0.575 0.29814814814814816 0.046875 0.12037037037037036
1 0.5700520833333333 0.5175925925925926 0.05572916666666667 0.11481481481481481
1 0.7302083333333333 0.7444444444444445 0.071875 0.1388888888888889
1 0.2453125 0.6328703703703704 0.06979166666666667 0.11388888888888889
1 0.24765625 0.42592592592592593 0.0640625 0.13703703703703704
1 0.24375 0.2175925925925926 0.065625 0.13148148148148148
1 0.7177083333333333 0.9305555555555556 0.07708333333333334 0.12777777777777777
