2 0.5245 0.5344 0.0395 0.0713
1 0.4459 0.2941 0.0349 0.0922
1 0.6057 0.2890 0.0408 0.0895
1 0.7623 0.4688 0.0874 0.1172
1 0.6047 0.4898 0.0403 0.0835
1 0.6035 0.6792 0.0397 0.0921
1 0.4518 0.6964 0.0365 0.1064
1 0.2885 0.2545 0.0457 0.1020
1 0.3010 0.6486 0.0389 0.0985
0 0.5517 0.5645 0.0816 0.1134
0 0.5279 0.5506 0.0497 0.0857
1 0.4483 0.4930 0.0285 0.0844
1 0.7520833333333333 0.8606481481481482 0.08020833333333334 0.1398148148148148
1 0.7536458333333333 0.6638888888888889 0.07604166666666666 0.12777777777777777
1 0.29401041666666666 0.45231481481481484 0.0359375 0.06944444444444445
