2 0.6452 0.5715 0.0215 0.0771
0 0.6432 0.5709 0.0302 0.0857
1 0.5645 0.6843 0.0383 0.0987
1 0.8332 0.9445 0.0337 0.1136
1 0.8647 0.5820 0.0511 0.1078
1 0.7205 0.3769 0.0528 0.0836
1 0.7063 0.5614 0.0499 0.0929
1 0.4502 0.6218 0.0333 0.0858
1 0.5789 0.3535 0.0392 0.0934
1 0.6948 0.7366 0.0496 0.0896
0 0.4846 0.9341 0.0744 0.1164
1 0.5717 0.5248 0.0341 0.0805
1 0.46197916666666666 0.2875 0.03854166666666667 0.07314814814814814
1 0.8453125 0.7601851851851852 0.04583333333333333 0.12222222222222222
