2 0.5951 0.4116 0.0334 0.0739
1 0.5256 0.1699 0.0475 0.0851
1 0.5144 0.5254 0.0440 0.0966
1 0.8201 0.4139 0.0577 0.1031
1 0.6600 0.3926 0.0640 0.0801
1 0.6797 0.1980 0.0686 0.0786
1 0.7795 0.7845 0.0416 0.1430
1 0.3987 0.1084 0.0503 0.0835
1 0.6449 0.5694 0.0551 0.0903
1 0.3920 0.4562 0.0414 0.0883
1 0.5204 0.3574 0.0416 0.0860
0 0.6697 0.9378 0.0969 0.1124
1 0.396875 0.28564814814814815 0.04583333333333333 0.0712962962962963
1 0.7950520833333333 0.5921296296296297 0.04635416666666667 0.11388888888888889
