2 0.4970 0.7055 0.0394 0.0720
1 0.4111 0.6385 0.0472 0.0803
1 0.4204 0.4386 0.0560 0.0856
1 0.4028 0.8370 0.0432 0.1047
1 0.5712 0.6741 0.0609 0.0762
1 0.7358 0.7077 0.0774 0.1052
1 0.5597 0.8882 0.0450 0.0918
1 0.5837 0.4727 0.0599 0.0869
1 0.7223958333333333 0.9125 0.0625 0.1287037037037037
1 0.2752604166666667 0.3638888888888889 0.049479166666666664 0.07777777777777778
1 0.26484375 0.5643518518518519 0.050520833333333334 0.075
1 0.25442708333333336 0.7564814814814815 0.04635416666666667 0.08703703703703704
