2 0.5936 0.6446 0.0546 0.0733
1 0.8591 0.5874 0.1063 0.1058
1 0.5149 0.6069 0.0516 0.1032
1 0.6807 0.6014 0.0448 0.0919
1 0.6787 0.3935 0.0459 0.1058
1 0.5220 0.8144 0.0601 0.1437
1 0.3621 0.7819 0.0594 0.1386
1 0.5067 0.3982 0.0547 0.1041
1 0.83359375 0.9597222222222223 0.0640625 0.06944444444444445
1 0.8578125 0.799074074074074 0.11354166666666667 0.15555555555555556
1 0.684375 0.8310185185185185 0.059375 0.12129629629629629
1 0.34739583333333335 0.5675925925925925 0.05 0.09444444444444444
1 0.33932291666666664 0.36157407407407405 0.04635416666666667 0.0787037037037037
