1 0.3942 0.4402 0.0536 0.1136
1 0.5572 0.2183 0.0742 0.1092
1 0.7360 0.4494 0.0542 0.1382
1 0.5554 0.4545 0.0743 0.1178
1 0.3815 0.2185 0.0723 0.1121
1 0.5563 0.6662 0.0613 0.1333
1 0.7195 0.8722 0.0462 0.1603
1 0.4059 0.6269 0.0506 0.1322
1 0.2372 0.1751 0.0780 0.1277
0 0.4802 0.9551 0.1263 0.1059
0 0.3650 0.9512 0.0799 0.1158
0 0.2177 0.9082 0.1027 0.1660
1 0.24583333333333332 0.37777777777777777 0.06979166666666667 0.07777777777777778
1 0.26536458333333335 0.5648148148148148 0.0515625 0.10740740740740741
1 0.7265625 0.6606481481481481 0.04479166666666667 0.15462962962962962
2 0.4953125 0.45555555555555555 0.03333333333333333 0.06296296296296296
