2 0.6420 0.5038 0.0329 0.0534
1 0.5719 0.2779 0.0416 0.0748
1 0.7029 0.4801 0.0578 0.0689
1 0.8593 0.5030 0.0473 0.0896
1 0.6857 0.6498 0.0458 0.0720
1 0.7182 0.2983 0.0642 0.0738
1 0.8191 0.8579 0.0379 0.1000
1 0.5638 0.4458 0.0326 0.0648
1 0.4443 0.5435 0.0408 0.0685
1 0.4480 0.3922 0.0504 0.0633
1 0.3686 0.8331 0.1073 0.1535
1 0.5594 0.6096 0.0387 0.0796
1 0.8401041666666667 0.6828703703703703 0.03958333333333333 0.11574074074074074
1 0.45651041666666664 0.21666666666666667 0.0390625 0.06481481481481481
