1 0.5457 0.4571 0.0325 0.0817
1 0.5568 0.2953 0.0422 0.0868
1 0.6655 0.6620 0.0480 0.0812
1 0.8326 0.5216 0.0474 0.1118
1 0.4251 0.5506 0.0416 0.0824
1 0.7882 0.8640 0.0414 0.1126
1 0.5321 0.6206 0.0412 0.0979
1 0.6826 0.4954 0.0537 0.0791
1 0.7002 0.3226 0.0583 0.0941
1 0.4343 0.4004 0.0358 0.0683
2 0.6197916666666666 0.5018518518518519 0.029166666666666667 0.053703703703703705
1 0.8078125 0.6944444444444444 0.046875 0.1111111111111111
1 0.44036458333333334 0.2263888888888889 0.04114583333333333 0.06944444444444445
