2 0.4804 0.4710 0.0366 0.0625
1 0.5660 0.2483 0.0366 0.0797
1 0.3994 0.5920 0.0355 0.0940
1 0.5558 0.4349 0.0331 0.0732
1 0.6988 0.4444 0.0762 0.0812
1 0.4072 0.4122 0.0326 0.0738
1 0.5458 0.6217 0.0367 0.0847
1 0.6761 0.8131 0.0519 0.0950
1 0.2611 0.5325 0.0367 0.0873
1 0.6819 0.6410 0.0626 0.0805
1 0.2648 0.1447 0.0494 0.0845
1 0.4127 0.2169 0.0377 0.0809
0 0.3715 0.9773 0.0941 0.0352
1 0.26015625 0.3458333333333333 0.0359375 0.0787037037037037
0 0.7458333333333333 0.2916666666666667 0.04479166666666667 0.07777777777777778
