1 0.3939 0.5484 0.0682 0.1035
1 0.3926 0.7779 0.0714 0.1158
0 0.9404 0.6713 0.0896 0.1134
1 0.7628 0.8183 0.1030 0.1266
1 0.5786458333333333 0.562037037037037 0.06666666666666667 0.09259259259259259
1 0.5768229166666666 0.788425925925926 0.06302083333333333 0.1175925925925926
2 0.4861979166666667 0.8328703703703704 0.059895833333333336 0.0787037037037037
1 0.21380208333333334 0.7060185185185185 0.05677083333333333 0.10092592592592593
1 0.21822916666666667 0.48194444444444445 0.07083333333333333 0.08796296296296297
1 0.21354166666666666 0.9337962962962963 0.075 0.10833333333333334
