2 0.6054 0.4249 0.0317 0.0531
1 0.4256 0.1242 0.0484 0.0813
1 0.6903 0.2221 0.0560 0.0737
1 0.5478 0.1937 0.0399 0.0679
1 0.6506 0.5690 0.0425 0.0687
1 0.4078 0.4552 0.0404 0.0731
1 0.5240 0.5274 0.0390 0.0733
1 0.4297 0.9350 0.1315 0.1230
1 0.4920 0.8923 0.1465 0.1605
1 0.7725 0.7737 0.0371 0.0970
1 0.5346 0.3647 0.0313 0.0603
1 0.6704 0.4044 0.0508 0.0681
1 0.4175 0.2929 0.0520 0.0699
1 0.8194 0.4345 0.0470 0.0841
0 0.5157 0.9883 0.0244 0.0317
0 0.2858 0.8213 0.0812 0.1314
1 0.7924479166666667 0.6018518518518519 0.03802083333333333 0.10555555555555556
