2 0.4757 0.7415 0.0308 0.1176
1 0.4010 0.5116 0.0422 0.0979
1 0.7149 0.7388 0.0679 0.1181
1 0.5614 0.5310 0.0358 0.1013
1 0.5528 0.7234 0.0359 0.1138
1 0.3906 0.9016 0.0382 0.1137
1 0.2504 0.8243 0.0384 0.1371
1 0.2478 0.4466 0.0500 0.0995
1 0.5472 0.9308 0.0316 0.1031
1 0.8740 0.6360 0.0625 0.1820
1 0.3968 0.7025 0.0339 0.1093
0 0.7605 0.5568 0.0477 0.1201
1 0.24973958333333332 0.638425925925926 0.050520833333333334 0.09907407407407408
1 0.7010416666666667 0.9199074074074074 0.07083333333333333 0.12685185185185185
