2 0.6089 0.3119 0.0304 0.0540
1 0.6739 0.2851 0.0676 0.0699
1 0.8226 0.3160 0.0542 0.0921
1 0.6913 0.0970 0.0589 0.0784
1 0.5373 0.2424 0.0409 0.0747
1 0.5502 0.0655 0.0480 0.0782
1 0.6500 0.4561 0.0542 0.0821
1 0.4119 0.3408 0.0325 0.0871
1 0.4285 0.0194 0.0383 0.0310
0 0.6602 0.9445 0.0709 0.0732
1 0.5271 0.4098 0.0418 0.0813
1 0.421875 0.17083333333333334 0.046875 0.07685185185185185
1 0.790625 0.4925925925925926 0.040625 0.1111111111111111
1 0.771875 0.662962962962963 0.042708333333333334 0.13518518518518519
