1 0.4573 0.3610 0.0422 0.1009
1 0.4506 0.5433 0.0375 0.0964
1 0.7578 0.5648 0.0855 0.1213
1 0.6106 0.3762 0.0465 0.0827
1 0.4451 0.7221 0.0383 0.1119
1 0.6033 0.5658 0.0425 0.0899
1 0.5904 0.7484 0.0373 0.1173
1 0.3045 0.6658 0.0440 0.1011
0 0.8148 0.4100 0.0555 0.0908
0 0.5305 0.5937 0.0333 0.0809
1 0.309375 0.4787037037037037 0.05416666666666667 0.09259259259259259
2 0.53125 0.6 0.053125 0.1037037037037037
1 0.7479166666666667 0.7601851851851852 0.06666666666666667 0.12407407407407407
1 0.73125 0.9300925925925926 0.06875 0.1287037037037037
1 0.31666666666666665 0.29768518518518516 0.05 0.0787037037037037
