0 0.4513 0.3945 0.0335 0.0811
1 0.3821 0.1377 0.0452 0.0986
1 0.5216 0.3669 0.0449 0.0837
1 0.3665 0.5061 0.0485 0.0999
1 0.6690 0.3771 0.0601 0.1026
1 0.5348 0.1736 0.0462 0.0926
1 0.5052 0.5448 0.0472 0.0960
1 0.2404 0.0598 0.0570 0.0931
1 0.2265 0.4387 0.0411 0.1026
1 0.6331 0.7392 0.0567 0.1231
1 0.3748 0.3282 0.0410 0.0908
0 0.5183 0.9354 0.0937 0.1081
1 0.653125 0.5527777777777778 0.06666666666666667 0.1111111111111111
2 0.45390625 0.3958333333333333 0.044270833333333336 0.08981481481481482
0 0.7283854166666667 0.22407407407407406 0.0453125 0.08888888888888889
1 0.234375 0.25 0.04895833333333333 0.09259259259259259
