2 0.4606 0.4865 0.0291 0.0702
1 0.5248 0.4542 0.0346 0.0800
1 0.3892 0.6200 0.0356 0.0884
1 0.2579 0.5822 0.0396 0.0809
1 0.5241 0.6262 0.0329 0.0787
1 0.6494 0.7765 0.0482 0.0928
1 0.6594 0.4460 0.0619 0.0858
1 0.2463 0.2336 0.0448 0.1036
1 0.6589 0.6265 0.0503 0.0713
1 0.5293 0.2821 0.0369 0.0823
1 0.3885 0.4513 0.0275 0.0800
1 0.3871 0.2775 0.0343 0.0893
0 0.6986979166666667 0.28564814814814815 0.03802083333333333 0.07685185185185185
1 0.24895833333333334 0.3972222222222222 0.046875 0.07407407407407407
