2 0.4975 0.7137 0.0393 0.0751
1 0.3892 0.8581 0.0477 0.1063
1 0.5962 0.4543 0.0517 0.0883
1 0.5798 0.6803 0.0565 0.0844
1 0.5644 0.9101 0.0495 0.1030
1 0.7651 0.7066 0.0733 0.1190
1 0.4200 0.4241 0.0484 0.0909
1 0.4069 0.6385 0.0468 0.0847
1 0.25390625 0.5564814814814815 0.05677083333333333 0.08333333333333333
1 0.26119791666666664 0.3384259259259259 0.0546875 0.08611111111111111
1 0.23463541666666668 0.7694444444444445 0.05260416666666667 0.10555555555555556
1 0.74765625 0.9291666666666667 0.06822916666666666 0.13796296296296295
