1 0.3705 0.0972 0.0441 0.1046
1 0.3640 0.2946 0.0457 0.1054
1 0.5251 0.1415 0.0477 0.0939
1 0.6581 0.3386 0.0726 0.1233
1 0.3502 0.4701 0.0503 0.1119
1 0.6224 0.7037 0.0511 0.1334
1 0.5107 0.3265 0.0481 0.1088
1 0.4923 0.5100 0.0495 0.0962
1 0.2184 0.3996 0.0523 0.1372
0 0.7142 0.2025 0.0497 0.1118
2 0.4440104166666667 0.362962962962963 0.0484375 0.09444444444444444
1 0.6390625 0.5319444444444444 0.05 0.10833333333333334
1 0.22083333333333333 0.2175925925925926 0.06145833333333333 0.10185185185185185
1 0.2296875 0.040740740740740744 0.06041666666666667 0.08148148148148149
