1 0.4724 0.3598 0.0460 0.1116
1 0.4791 0.5676 0.0441 0.1083
1 0.8035 0.5471 0.1003 0.1239
1 0.6408 0.3567 0.0438 0.1089
1 0.6407 0.5626 0.0466 0.0963
1 0.9739 0.4028 0.0624 0.1445
1 0.30416666666666664 0.3125 0.042708333333333334 0.08796296296296297
1 0.31588541666666664 0.5199074074074074 0.0515625 0.09722222222222222
1 0.3203125 0.7342592592592593 0.040625 0.08333333333333333
2 0.55625 0.6143518518518518 0.053125 0.07685185185185185
1 0.47890625 0.7675925925925926 0.04635416666666667 0.10925925925925926
1 0.6421875 0.7768518518518519 0.03854166666666667 0.1111111111111111
1 0.80546875 0.7537037037037037 0.09739583333333333 0.13148148148148148
1 0.8020833333333334 0.9430555555555555 0.084375 0.11203703703703703
