2 0.6193 0.7518 0.0529 0.0817
1 0.7075 0.4875 0.0441 0.1068
1 0.9051 0.6896 0.1081 0.1116
1 0.7144 0.7167 0.0416 0.1012
1 0.5255 0.4903 0.0507 0.0910
0 0.9101 0.9436 0.1058 0.1058
1 0.5327 0.7094 0.0488 0.1077
1 0.35833333333333334 0.4476851851851852 0.05416666666666667 0.06388888888888888
1 0.3619791666666667 0.6615740740740741 0.05416666666666667 0.08425925925925926
1 0.37161458333333336 0.8736111111111111 0.050520833333333334 0.09351851851851851
1 0.90703125 0.9217592592592593 0.1078125 0.12685185185185185
1 0.7161458333333334 0.9314814814814815 0.041666666666666664 0.11296296296296296
