1 0.7166 0.4698 0.0834 0.1196
1 0.3803 0.4399 0.0474 0.1147
1 0.5598 0.2500 0.0533 0.1362
1 0.3871 0.2133 0.0537 0.1327
1 0.7012 0.9048 0.0491 0.1519
1 0.5471 0.4676 0.0473 0.1060
0 0.3768 0.6423 0.0479 0.1171
0 0.7747 0.2839 0.0638 0.1468
1 0.2171875 0.5717592592592593 0.0625 0.09351851851851851
1 0.3729166666666667 0.6652777777777777 0.06666666666666667 0.09907407407407408
1 0.21953125 0.35462962962962963 0.050520833333333334 0.10555555555555556
1 0.21953125 0.13518518518518519 0.0609375 0.10185185185185185
1 0.53984375 0.6712962962962963 0.0484375 0.09444444444444444
1 0.70390625 0.6810185185185185 0.0734375 0.10833333333333334
