2 0.3751 0.8550 0.0483 0.0914
1 0.2810 0.7838 0.0625 0.1013
1 0.4785 0.6290 0.0542 0.1004
1 0.6318 0.8945 0.0713 0.1259
1 0.9941 0.2200 0.0130 0.0789
0 0.9786 0.7937 0.0391 0.0828
1 0.3023 0.5622 0.0691 0.0911
0 0.6989583333333333 0.7078703703703704 0.053125 0.10462962962962963
1 0.09739583333333333 0.8981481481481481 0.08125 0.12222222222222222
1 0.11171875 0.675 0.0765625 0.09259259259259259
1 0.13411458333333334 0.4587962962962963 0.0765625 0.09537037037037037
1 0.2625 0.9685185185185186 0.057291666666666664 0.06296296296296296
1 0.45703125 0.8486111111111111 0.06302083333333333 0.11574074074074074
