1 0.571875 0.12206572769953052 0.0375 0.09389671361502347
1 0.5578125 0.3274647887323944 0.040625 0.08215962441314555
1 0.53984375 0.5316901408450704 0.0359375 0.08215962441314555
2 0.4640625 0.4119718309859155 0.04375 0.06807511737089202
0 0.49296875 0.5023474178403756 0.0546875 0.08450704225352113
1 0.73203125 0.4800469483568075 0.0359375 0.09154929577464789
1 0.18359375 0.3380281690140845 0.0953125 0.0892018779342723
1 0.178125 0.5363849765258216 0.096875 0.07746478873239436
1 0.2 0.1267605633802817 0.1 0.09389671361502347
1 0.7515625 0.2676056338028169 0.034375 0.07981220657276995
1 0.709375 0.6666666666666666 0.0375 0.0892018779342723
1 0.35234375 0.6197183098591549 0.0359375 0.0892018779342723
1 0.3625 0.4272300469483568 0.040625 0.07981220657276995
1 0.375 0.21830985915492956 0.040625 0.07981220657276995
