1 0.1890625 0.30633802816901406 0.1 0.09154929577464789
1 0.2 0.10093896713615023 0.1 0.10328638497652583
1 0.18046875 0.5117370892018779 0.0984375 0.07511737089201878
1 0.571875 0.12206572769953052 0.0375 0.09389671361502347
1 0.5578125 0.32981220657276994 0.040625 0.08215962441314555
1 0.54140625 0.5316901408450704 0.0359375 0.08215962441314555
1 0.74453125 0.31338028169014087 0.0390625 0.07746478873239436
1 0.7109375 0.7171361502347418 0.0375 0.07746478873239436
1 0.371875 0.20422535211267606 0.046875 0.07511737089201878
1 0.35859375 0.4119718309859155 0.0515625 0.06807511737089202
1 0.34765625 0.6115023474178404 0.0484375 0.08215962441314555
0 0.27890625 0.5856807511737089 0.0578125 0.07276995305164319
2 0.46484375 0.4096244131455399 0.0421875 0.06338028169014084
1 0.72734375 0.5187793427230047 0.0359375 0.07981220657276995
