4 0.571875 0.12206572769953052 0.0375 0.09389671361502347
4 0.5578125 0.32981220657276994 0.040625 0.08215962441314555
4 0.54140625 0.5316901408450704 0.0359375 0.08215962441314555
2 0.74375 0.3215962441314554 0.040625 0.07981220657276995
2 0.70859375 0.7265258215962441 0.0328125 0.07276995305164319
6 0.4640625 0.4119718309859155 0.04375 0.06807511737089202
3 0.72578125 0.528169014084507 0.0390625 0.08450704225352113
1 0.3046875 0.7065727699530516 0.065625 0.07042253521126761
5 0.1875 0.3333333333333333 0.1125 0.07981220657276995
4 0.20078125 0.13028169014084506 0.1234375 0.08685446009389672
4 0.18046875 0.5316901408450704 0.1140625 0.07746478873239436
2 0.37421875 0.21830985915492956 0.0484375 0.07981220657276995
2 0.3609375 0.42018779342723006 0.040625 0.07511737089201878
2 0.35078125 0.6255868544600939 0.0453125 0.08685446009389672
