2 0.5029 0.4547 0.0440 0.0621
2 0.3290 0.5473 0.0485 0.0686
1 0.2253 0.1596 0.0742 0.1084
1 0.5925 0.1969 0.0482 0.0812
1 0.2317 0.5685 0.0724 0.0762
1 0.2278 0.5675 0.0711 0.0793
1 0.7785 0.3362 0.0377 0.0775
1 0.4051 0.5363 0.0379 0.0758
1 0.5887 0.4021 0.0595 0.0688
1 0.4047 0.7322 0.0334 0.0736
1 0.7642 0.7408 0.0352 0.0815
1 0.4022 0.3337 0.0389 0.0706
1 0.5850 0.6011 0.0461 0.0780
1 0.7705 0.5427 0.0437 0.0865
1 0.2250 0.3683 0.0846 0.0891
0 0.33046875 0.539906103286385 0.0546875 0.0892018779342723
