2 0.5017 0.4544 0.0437 0.0660
1 0.5853 0.6233 0.0403 0.0848
1 0.5895 0.2201 0.0415 0.0784
1 0.5862 0.4228 0.0453 0.0754
1 0.2259 0.2794 0.0623 0.0853
1 0.4043 0.3613 0.0864 0.0675
1 0.4023 0.7561 0.0975 0.0794
1 0.7536 0.7235 0.0961 0.0831
1 0.2251 0.4852 0.0691 0.0890
1 0.2315 0.4855 0.0722 0.0894
1 0.7720 0.3217 0.0904 0.0663
1 0.4045 0.5633 0.0829 0.0683
1 0.2276 0.6757 0.0657 0.0823
1 0.7606 0.5263 0.0892 0.0803
1 0.225 0.4847417840375587 0.071875 0.07276995305164319
0 0.73828125 0.7699530516431925 0.0328125 0.06103286384976526
