1 0.571875 0.12206572769953052 0.0375 0.09389671361502347
1 0.5578125 0.32981220657276994 0.040625 0.08215962441314555
1 0.54140625 0.5316901408450704 0.0359375 0.08215962441314555
1 0.74375 0.3215962441314554 0.040625 0.07981220657276995
1 0.70859375 0.7265258215962441 0.0328125 0.07276995305164319
2 0.4640625 0.4119718309859155 0.04375 0.06807511737089202
1 0.72578125 0.528169014084507 0.0390625 0.08450704225352113
0 0.2453125 0.6983568075117371 0.0625 0.06807511737089202
1 0.184375 0.38028169014084506 0.115625 0.09389671361502347
1 0.19375 0.18192488262910797 0.128125 0.11502347417840375
1 0.18046875 0.5833333333333334 0.1328125 0.08685446009389672
1 0.37265625 0.2136150234741784 0.0453125 0.08450704225352113
1 0.36015625 0.42018779342723006 0.0390625 0.08450704225352113
1 0.34921875 0.6185446009389671 0.0453125 0.08215962441314555
