5 0.1890625 0.30633802816901406 0.1 0.09154929577464789
4 0.2 0.10093896713615023 0.1 0.10328638497652583
4 0.18046875 0.5117370892018779 0.0984375 0.07511737089201878
2 0.35078125 0.5903755868544601 0.0484375 0.08215962441314555
2 0.36484375 0.3873239436619718 0.0421875 0.07981220657276995
2 0.375 0.18309859154929578 0.04375 0.07981220657276995
2 0.70859375 0.715962441314554 0.0421875 0.0892018779342723
2 0.7421875 0.3215962441314554 0.040625 0.07981220657276995
4 0.5703125 0.34507042253521125 0.153125 0.0892018779342723
4 0.553125 0.5492957746478874 0.15 0.0892018779342723
4 0.5390625 0.744131455399061 0.15 0.09389671361502347
1 0.6359375 0.7593896713615024 0.05 0.07276995305164319
3 0.72265625 0.5293427230046949 0.0515625 0.07746478873239436
6 0.4625 0.40375586854460094 0.04375 0.06103286384976526
