1 0.1890625 0.30633802816901406 0.1 0.09154929577464789
1 0.2 0.10093896713615023 0.1 0.10328638497652583
1 0.17890625 0.5117370892018779 0.0984375 0.07511737089201878
1 0.571875 0.12206572769953052 0.0375 0.09389671361502347
1 0.5578125 0.32981220657276994 0.040625 0.08215962441314555
1 0.54140625 0.5316901408450704 0.0359375 0.08215962441314555
1 0.7453125 0.31220657276995306 0.040625 0.07981220657276995
1 0.71015625 0.7171361502347418 0.0328125 0.07276995305164319
2 0.4640625 0.4119718309859155 0.04375 0.06807511737089202
1 0.72578125 0.5187793427230047 0.0390625 0.08450704225352113
0 0.1328125 0.6455399061032864 0.05 0.07042253521126761
1 0.371875 0.21713615023474178 0.053125 0.08685446009389672
1 0.3609375 0.4213615023474178 0.040625 0.08685446009389672
1 0.3484375 0.6220657276995305 0.05 0.08450704225352113
