0 0.59765625 0.7511737089201878 0.0484375 0.07511737089201878
1 0.36328125 0.38967136150234744 0.0421875 0.0892018779342723
1 0.37578125 0.18309859154929578 0.0515625 0.09389671361502347
1 0.3515625 0.5915492957746479 0.046875 0.08450704225352113
1 0.7328125 0.37910798122065725 0.115625 0.09154929577464789
1 0.69375 0.7582159624413145 0.115625 0.12206572769953052
1 0.71015625 0.573943661971831 0.1171875 0.11032863849765258
1 0.5640625 0.2734741784037559 0.059375 0.10093896713615023
1 0.546875 0.47769953051643194 0.05625 0.1056338028169014
1 0.53203125 0.6725352112676056 0.0609375 0.09154929577464789
1 0.19765625 0.10093896713615023 0.0984375 0.09389671361502347
1 0.1796875 0.5093896713615024 0.096875 0.08450704225352113
1 0.1890625 0.3086854460093897 0.096875 0.08215962441314555
2 0.4640625 0.4072769953051643 0.04375 0.07276995305164319
