4 0.571875 0.12206572769953052 0.0375 0.09389671361502347
4 0.5578125 0.3274647887323944 0.040625 0.08215962441314555
4 0.53984375 0.5316901408450704 0.0359375 0.08215962441314555
6 0.4640625 0.4119718309859155 0.04375 0.06807511737089202
1 0.5265625 0.45892018779342725 0.053125 0.07746478873239436
3 0.7328125 0.4765258215962441 0.0375 0.08450704225352113
5 0.18984375 0.3368544600938967 0.0984375 0.08685446009389672
4 0.196875 0.1255868544600939 0.096875 0.09154929577464789
4 0.17734375 0.5328638497652582 0.0984375 0.06572769953051644
2 0.3734375 0.21830985915492956 0.0375 0.08450704225352113
2 0.36171875 0.42370892018779344 0.0359375 0.07746478873239436
2 0.35234375 0.6220657276995305 0.0359375 0.0892018779342723
2 0.71328125 0.6690140845070423 0.0359375 0.08450704225352113
2 0.75078125 0.2676056338028169 0.0359375 0.07981220657276995
