1 0.1890625 0.30633802816901406 0.1 0.09154929577464789
1 0.2 0.10093896713615023 0.1 0.10328638497652583
1 0.18046875 0.5117370892018779 0.0984375 0.07511737089201878
1 0.571875 0.12206572769953052 0.0375 0.09389671361502347
1 0.5578125 0.32981220657276994 0.040625 0.08215962441314555
1 0.54140625 0.5316901408450704 0.0359375 0.08215962441314555
1 0.74453125 0.31690140845070425 0.0390625 0.07981220657276995
1 0.71015625 0.7136150234741784 0.0359375 0.0892018779342723
1 0.3859375 0.17018779342723006 0.071875 0.08215962441314555
1 0.37109375 0.3884976525821596 0.0890625 0.07746478873239436
1 0.359375 0.5892018779342723 0.078125 0.0892018779342723
0 0.4171875 0.6467136150234741 0.059375 0.07276995305164319
2 0.46484375 0.4096244131455399 0.0421875 0.06338028169014084
1 0.72890625 0.5176056338028169 0.0359375 0.08685446009389672
