4 0.571875 0.12206572769953052 0.0375 0.09389671361502347
4 0.5578125 0.3274647887323944 0.040625 0.08215962441314555
4 0.53984375 0.5316901408450704 0.0359375 0.08215962441314555
2 0.74375 0.3215962441314554 0.040625 0.07981220657276995
2 0.70859375 0.7265258215962441 0.0328125 0.07276995305164319
6 0.4640625 0.4119718309859155 0.04375 0.06807511737089202
3 0.72578125 0.528169014084507 0.0390625 0.08450704225352113
1 0.21796875 0.6866197183098591 0.0546875 0.07746478873239436
5 0.175 0.4284037558685446 0.09375 0.09154929577464789
4 0.1765625 0.6208920187793427 0.109375 0.09154929577464789
4 0.19140625 0.22300469483568075 0.1015625 0.10328638497652583
2 0.34921875 0.6267605633802817 0.0515625 0.07981220657276995
2 0.35859375 0.4213615023474178 0.0421875 0.07746478873239436
2 0.3734375 0.2147887323943662 0.046875 0.07276995305164319
