5 0.1890625 0.30633802816901406 0.1 0.09154929577464789
4 0.2 0.10093896713615023 0.1 0.10328638497652583
4 0.18046875 0.5117370892018779 0.0984375 0.07511737089201878
4 0.571875 0.12206572769953052 0.0375 0.09389671361502347
4 0.5578125 0.3274647887323944 0.040625 0.08215962441314555
4 0.53984375 0.5316901408450704 0.0359375 0.08215962441314555
2 0.7453125 0.31220657276995306 0.040625 0.07981220657276995
2 0.71015625 0.7171361502347418 0.0328125 0.07276995305164319
6 0.4640625 0.4119718309859155 0.04375 0.06807511737089202
3 0.72578125 0.5211267605633803 0.0390625 0.08450704225352113
1 0.13203125 0.6161971830985915 0.0515625 0.06807511737089202
2 0.371875 0.21830985915492956 0.0625 0.08450704225352113
2 0.3625 0.4225352112676056 0.059375 0.07511737089201878
2 0.35 0.6208920187793427 0.06875 0.07746478873239436
