1 0.1890625 0.30633802816901406 0.1 0.09154929577464789
1 0.2 0.10093896713615023 0.1 0.10328638497652583
1 0.18046875 0.5117370892018779 0.0984375 0.07511737089201878
1 0.35234375 0.5903755868544601 0.0484375 0.08215962441314555
1 0.36328125 0.3873239436619718 0.0421875 0.07981220657276995
1 0.375 0.18309859154929578 0.04375 0.07981220657276995
0 0.734375 0.7640845070422535 0.046875 0.07276995305164319
1 0.7578125 0.2676056338028169 0.13125 0.0892018779342723
1 0.7203125 0.6725352112676056 0.121875 0.07746478873239436
1 0.7359375 0.4706572769953052 0.115625 0.08215962441314555
1 0.575 0.09741784037558686 0.046875 0.09624413145539906
1 0.559375 0.3086854460093897 0.05 0.08685446009389672
1 0.54609375 0.5082159624413145 0.0515625 0.07276995305164319
2 0.46484375 0.4061032863849765 0.0421875 0.07042253521126761
