1 0.1890625 0.30633802816901406 0.1 0.09154929577464789
1 0.2 0.10093896713615023 0.1 0.10328638497652583
1 0.18046875 0.5117370892018779 0.0984375 0.07511737089201878
1 0.34921875 0.5903755868544601 0.0484375 0.08215962441314555
1 0.36328125 0.3873239436619718 0.0421875 0.07981220657276995
1 0.371875 0.18309859154929578 0.04375 0.07981220657276995
0 0.753125 0.7746478873239436 0.05625 0.07042253521126761
1 0.7578125 0.29107981220657275 0.125 0.09859154929577464
1 0.71640625 0.6913145539906104 0.1109375 0.07746478873239436
1 0.73359375 0.49178403755868544 0.1109375 0.07276995305164319
1 0.5703125 0.12206572769953052 0.040625 0.1267605633802817
1 0.55703125 0.33098591549295775 0.0453125 0.107981220657277
1 0.5421875 0.5269953051643192 0.04375 0.10093896713615023
2 0.4640625 0.4084507042253521 0.04375 0.07042253521126761
