1 0.571875 0.12206572769953052 0.0375 0.09389671361502347
1 0.5578125 0.32981220657276994 0.040625 0.08215962441314555
1 0.54140625 0.5316901408450704 0.0359375 0.08215962441314555
1 0.74375 0.31690140845070425 0.040625 0.07981220657276995
1 0.70859375 0.7194835680751174 0.0328125 0.07276995305164319
2 0.4640625 0.4119718309859155 0.04375 0.06807511737089202
1 0.72578125 0.5234741784037559 0.0390625 0.08450704225352113
1 0.16640625 0.48708920187793425 0.1046875 0.09154929577464789
1 0.175 0.2828638497652582 0.121875 0.09154929577464789
1 0.15625 0.6807511737089202 0.115625 0.0892018779342723
1 0.37265625 0.2147887323943662 0.0453125 0.08215962441314555
1 0.3609375 0.42488262910798125 0.04375 0.08450704225352113
1 0.34765625 0.6220657276995305 0.0484375 0.07511737089201878
