1 0.571875 0.12206572769953052 0.0375 0.09389671361502347
1 0.5578125 0.3274647887323944 0.040625 0.08215962441314555
1 0.53984375 0.5316901408450704 0.0359375 0.08215962441314555
2 0.4640625 0.4119718309859155 0.04375 0.06807511737089202
0 0.48046875 0.6643192488262911 0.0640625 0.08450704225352113
1 0.72734375 0.49765258215962443 0.0421875 0.07511737089201878
1 0.18828125 0.33215962441314556 0.0953125 0.09154929577464789
1 0.19765625 0.1255868544600939 0.0984375 0.10093896713615023
1 0.17734375 0.5328638497652582 0.0953125 0.07511737089201878
1 0.36796875 0.3051643192488263 0.0609375 0.0892018779342723
1 0.3546875 0.5070422535211268 0.053125 0.08450704225352113
1 0.34140625 0.7030516431924883 0.0609375 0.08215962441314555
1 0.7125 0.6842723004694836 0.05 0.08685446009389672
1 0.74296875 0.2875586854460094 0.0421875 0.07746478873239436
