1 0.571875 0.12206572769953052 0.0375 0.09389671361502347
1 0.5578125 0.3274647887323944 0.040625 0.08215962441314555
1 0.53984375 0.5316901408450704 0.0359375 0.08215962441314555
2 0.4640625 0.4119718309859155 0.04375 0.06807511737089202
0 0.4140625 0.6220657276995305 0.059375 0.07981220657276995
1 0.73046875 0.4788732394366197 0.0421875 0.09859154929577464
1 0.1875 0.3345070422535211 0.096875 0.09624413145539906
1 0.17734375 0.534037558685446 0.0984375 0.07276995305164319
1 0.19609375 0.12323943661971831 0.0953125 0.09154929577464789
1 0.36875 0.27816901408450706 0.05625 0.07276995305164319
1 0.35859375 0.4823943661971831 0.0515625 0.06338028169014084
1 0.34609375 0.676056338028169 0.0578125 0.08450704225352113
1 0.74921875 0.2746478873239437 0.0359375 0.07981220657276995
1 0.71171875 0.6737089201877934 0.0390625 0.0892018779342723
