1 0.571875 0.12206572769953052 0.0375 0.09389671361502347
1 0.5578125 0.32981220657276994 0.040625 0.08215962441314555
1 0.54140625 0.5316901408450704 0.0359375 0.08215962441314555
2 0.4640625 0.4119718309859155 0.04375 0.06807511737089202
0 0.63046875 0.7230046948356808 0.0546875 0.07511737089201878
1 0.71328125 0.5352112676056338 0.0796875 0.08450704225352113
1 0.18515625 0.32981220657276994 0.0984375 0.08685446009389672
1 0.17734375 0.5363849765258216 0.0984375 0.07276995305164319
1 0.196875 0.1267605633802817 0.1 0.09389671361502347
1 0.7359375 0.3403755868544601 0.08125 0.07981220657276995
1 0.703125 0.7288732394366197 0.075 0.10093896713615023
1 0.3484375 0.6279342723004695 0.0625 0.07276995305164319
1 0.35703125 0.4295774647887324 0.0546875 0.07042253521126761
1 0.37265625 0.22183098591549297 0.0609375 0.07746478873239436
