2 0.5014 0.4593 0.0447 0.0644
1 0.4017 0.5711 0.0453 0.0774
1 0.5889 0.2849 0.0523 0.0794
1 0.4022 0.7630 0.0355 0.0755
1 0.7610 0.5870 0.0836 0.0888
1 0.2262 0.3030 0.0934 0.0794
1 0.2278 0.6982 0.0823 0.0760
1 0.7594 0.7800 0.0844 0.0859
1 0.2267 0.5044 0.0920 0.0777
1 0.7676 0.3836 0.0775 0.0767
1 0.5831 0.6858 0.0481 0.0806
1 0.5857 0.4891 0.0527 0.0775
1 0.4012 0.3713 0.0386 0.0735
0 0.159375 0.4788732394366197 0.05 0.07511737089201878
0 0.14609375 0.3955399061032864 0.0234375 0.06338028169014084
