1 0.571875 0.12206572769953052 0.0375 0.09389671361502347
1 0.5578125 0.32981220657276994 0.040625 0.08215962441314555
1 0.54140625 0.5316901408450704 0.0359375 0.08215962441314555
1 0.74375 0.3215962441314554 0.040625 0.07981220657276995
1 0.70859375 0.7265258215962441 0.0328125 0.07276995305164319
2 0.4640625 0.4119718309859155 0.04375 0.06807511737089202
1 0.72578125 0.528169014084507 0.0390625 0.08450704225352113
0 0.20234375 0.6889671361502347 0.0421875 0.05868544600938967
1 0.178125 0.4647887323943662 0.05 0.08450704225352113
1 0.18359375 0.2605633802816901 0.0796875 0.09859154929577464
1 0.15703125 0.6572769953051644 0.0515625 0.09859154929577464
1 0.371875 0.21713615023474178 0.04375 0.07746478873239436
1 0.3625 0.426056338028169 0.04375 0.08215962441314555
1 0.3484375 0.6220657276995305 0.05 0.07981220657276995
