1 0.1890625 0.30633802816901406 0.1 0.09154929577464789
1 0.2 0.10093896713615023 0.1 0.10328638497652583
1 0.18046875 0.5117370892018779 0.0984375 0.07511737089201878
1 0.35234375 0.5903755868544601 0.0484375 0.08215962441314555
1 0.36328125 0.3873239436619718 0.0421875 0.07981220657276995
1 0.375 0.18309859154929578 0.04375 0.07981220657276995
1 0.571875 0.12441314553990611 0.0375 0.09389671361502347
1 0.5578125 0.33215962441314556 0.040625 0.08215962441314555
1 0.54296875 0.5387323943661971 0.0359375 0.08215962441314555
1 0.69921875 0.7687793427230047 0.0546875 0.08215962441314555
1 0.740625 0.3744131455399061 0.071875 0.08685446009389672
0 0.665625 0.7183098591549296 0.059375 0.07042253521126761
2 0.4640625 0.4107981220657277 0.04375 0.07042253521126761
1 0.71875 0.5715962441314554 0.05625 0.08685446009389672
