4 0.571875 0.12206572769953052 0.0375 0.09389671361502347
4 0.5578125 0.32981220657276994 0.040625 0.08215962441314555
4 0.54140625 0.5316901408450704 0.0359375 0.08215962441314555
2 0.740625 0.3779342723004695 0.040625 0.07981220657276995
2 0.70546875 0.7758215962441315 0.0328125 0.07276995305164319
6 0.4640625 0.4119718309859155 0.04375 0.06807511737089202
3 0.72109375 0.5821596244131455 0.0390625 0.08450704225352113
1 0.52265625 0.7265258215962441 0.0578125 0.08215962441314555
5 0.18828125 0.3345070422535211 0.0984375 0.08685446009389672
4 0.19765625 0.1255868544600939 0.0984375 0.09624413145539906
4 0.1765625 0.5363849765258216 0.096875 0.06807511737089202
2 0.37578125 0.22183098591549297 0.0359375 0.07746478873239436
2 0.3625 0.4213615023474178 0.0375 0.08215962441314555
2 0.35390625 0.6208920187793427 0.0328125 0.08685446009389672
