1 0.571875 0.12206572769953052 0.0375 0.09389671361502347
1 0.5578125 0.3274647887323944 0.040625 0.08215962441314555
1 0.53984375 0.5316901408450704 0.0359375 0.08215962441314555
1 0.7421875 0.3333333333333333 0.040625 0.07981220657276995
1 0.70703125 0.7406103286384976 0.0328125 0.07276995305164319
2 0.4640625 0.4119718309859155 0.04375 0.06807511737089202
1 0.72421875 0.5422535211267606 0.0390625 0.08450704225352113
0 0.3921875 0.7194835680751174 0.059375 0.07746478873239436
1 0.1875 0.33215962441314556 0.09375 0.07746478873239436
1 0.17890625 0.534037558685446 0.0953125 0.07746478873239436
1 0.196875 0.1255868544600939 0.1 0.09624413145539906
1 0.35078125 0.6267605633802817 0.0484375 0.0892018779342723
1 0.36015625 0.42488262910798125 0.0390625 0.08450704225352113
1 0.3734375 0.2136150234741784 0.046875 0.08450704225352113
