5 0.1890625 0.30633802816901406 0.1 0.09154929577464789
4 0.2 0.10093896713615023 0.1 0.10328638497652583
4 0.18046875 0.5117370892018779 0.0984375 0.07511737089201878
4 0.571875 0.12206572769953052 0.0375 0.09389671361502347
4 0.5578125 0.32981220657276994 0.040625 0.08215962441314555
4 0.54140625 0.5316901408450704 0.0359375 0.08215962441314555
2 0.38984375 0.18192488262910797 0.1578125 0.09624413145539906
2 0.37578125 0.38967136150234744 0.1515625 0.0892018779342723
2 0.3640625 0.5903755868544601 0.15 0.08215962441314555
2 0.7453125 0.3204225352112676 0.040625 0.08685446009389672
2 0.7078125 0.7147887323943662 0.034375 0.07746478873239436
6 0.46875 0.4084507042253521 0.034375 0.06572769953051644
3 0.72890625 0.5187793427230047 0.0421875 0.0892018779342723
