2 0.4640625 0.4119718309859155 0.04375 0.06807511737089202
0 0.559375 0.43427230046948356 0.053125 0.06103286384976526
1 0.73203125 0.4823943661971831 0.0390625 0.07276995305164319
1 0.18671875 0.3345070422535211 0.0984375 0.09154929577464789
1 0.196875 0.12793427230046947 0.1 0.10093896713615023
1 0.1796875 0.5328638497652582 0.1 0.06572769953051644
1 0.7515625 0.2699530516431925 0.04375 0.08450704225352113
1 0.7109375 0.6690140845070423 0.0375 0.0892018779342723
1 0.35 0.6244131455399061 0.034375 0.08450704225352113
1 0.3625 0.426056338028169 0.040625 0.08685446009389672
1 0.3734375 0.22065727699530516 0.0375 0.08450704225352113
1 0.58359375 0.16666666666666666 0.1453125 0.107981220657277
1 0.5671875 0.37910798122065725 0.153125 0.08215962441314555
1 0.54765625 0.5821596244131455 0.1421875 0.0892018779342723
