2 0.5028 0.4549 0.0440 0.0621
2 0.3294 0.5471 0.0480 0.0684
1 0.5884 0.4022 0.0593 0.0695
1 0.5923 0.1967 0.0491 0.0823
1 0.2319 0.5685 0.0679 0.0747
1 0.2271 0.5667 0.0713 0.0779
1 0.4036 0.3349 0.0388 0.0785
1 0.7705 0.5429 0.0438 0.0858
1 0.4039 0.7326 0.0329 0.0738
1 0.7779 0.3355 0.0381 0.0766
1 0.7642 0.7411 0.0349 0.0820
1 0.4050 0.5359 0.0380 0.0737
1 0.5847 0.6014 0.0464 0.0780
0 0.3296875 0.539906103286385 0.053125 0.08450704225352113
1 0.21328125 0.3732394366197183 0.0578125 0.08450704225352113
