5 0.1890625 0.30633802816901406 0.1 0.09154929577464789
4 0.2 0.10093896713615023 0.1 0.10328638497652583
4 0.18046875 0.5117370892018779 0.0984375 0.07511737089201878
4 0.53359375 0.7124413145539906 0.0859375 0.10093896713615023
3 0.7140625 0.5586854460093896 0.096875 0.09389671361502347
2 0.734375 0.357981220657277 0.1 0.09154929577464789
2 0.69453125 0.7511737089201878 0.0953125 0.10328638497652583
2 0.35078125 0.5903755868544601 0.0484375 0.08215962441314555
2 0.36484375 0.3873239436619718 0.0421875 0.07981220657276995
2 0.375 0.18309859154929578 0.04375 0.07981220657276995
1 0.5984375 0.7546948356807511 0.04375 0.07746478873239436
4 0.54296875 0.5434272300469484 0.0578125 0.09154929577464789
4 0.559375 0.33568075117370894 0.05 0.09389671361502347
6 0.4640625 0.4084507042253521 0.040625 0.06572769953051644
