1 0.571875 0.12206572769953052 0.0375 0.09389671361502347
1 0.5578125 0.3274647887323944 0.040625 0.08215962441314555
1 0.53984375 0.5316901408450704 0.0359375 0.08215962441314555
1 0.7390625 0.3544600938967136 0.040625 0.07981220657276995
1 0.70234375 0.7593896713615024 0.0328125 0.07276995305164319
2 0.4640625 0.4119718309859155 0.04375 0.06807511737089202
1 0.72265625 0.5610328638497653 0.0390625 0.08450704225352113
0 0.4453125 0.7276995305164319 0.0625 0.07981220657276995
1 0.1828125 0.33098591549295775 0.090625 0.07981220657276995
1 0.17734375 0.5328638497652582 0.0953125 0.07511737089201878
1 0.19609375 0.12441314553990611 0.1015625 0.09389671361502347
1 0.35 0.6267605633802817 0.0375 0.0892018779342723
1 0.3625 0.4225352112676056 0.040625 0.07981220657276995
1 0.37578125 0.215962441314554 0.0359375 0.07042253521126761
