6 0.4640625 0.4119718309859155 0.04375 0.06807511737089202
3 0.73203125 0.4823943661971831 0.0390625 0.07276995305164319
5 0.18671875 0.3345070422535211 0.0984375 0.09154929577464789
4 0.196875 0.12793427230046947 0.1 0.10093896713615023
4 0.1796875 0.5328638497652582 0.1 0.06572769953051644
2 0.75 0.2699530516431925 0.04375 0.08450704225352113
2 0.7109375 0.6690140845070423 0.0375 0.0892018779342723
2 0.35 0.6244131455399061 0.034375 0.08450704225352113
2 0.3625 0.426056338028169 0.040625 0.08685446009389672
2 0.3734375 0.22065727699530516 0.0375 0.08450704225352113
4 0.5625 0.20892018779342722 0.034375 0.07981220657276995
4 0.5484375 0.41431924882629106 0.0375 0.07746478873239436
4 0.5328125 0.613849765258216 0.0375 0.07746478873239436
1 0.50234375 0.3884976525821596 0.0515625 0.06807511737089202
