4 0.571875 0.12206572769953052 0.0375 0.09389671361502347
4 0.5578125 0.3274647887323944 0.040625 0.08215962441314555
4 0.53984375 0.5316901408450704 0.0359375 0.08215962441314555
2 0.740625 0.38028169014084506 0.040625 0.07981220657276995
2 0.70546875 0.778169014084507 0.0328125 0.07276995305164319
6 0.4640625 0.4119718309859155 0.04375 0.06807511737089202
3 0.72109375 0.5821596244131455 0.0390625 0.08450704225352113
1 0.553125 0.7276995305164319 0.046875 0.07981220657276995
5 0.1890625 0.33215962441314556 0.096875 0.09154929577464789
4 0.17890625 0.5352112676056338 0.0984375 0.06103286384976526
4 0.196875 0.1255868544600939 0.1 0.09624413145539906
2 0.35234375 0.6255868544600939 0.0359375 0.09154929577464789
2 0.36171875 0.42018779342723006 0.0359375 0.08450704225352113
2 0.375 0.2136150234741784 0.034375 0.08450704225352113
