1 0.1890625 0.30633802816901406 0.1 0.09154929577464789
1 0.2 0.10093896713615023 0.1 0.10328638497652583
1 0.18046875 0.5117370892018779 0.0984375 0.07511737089201878
1 0.35078125 0.5903755868544601 0.0484375 0.08215962441314555
1 0.36484375 0.3873239436619718 0.0421875 0.07981220657276995
1 0.375 0.18309859154929578 0.04375 0.07981220657276995
0 0.67734375 0.7640845070422535 0.0453125 0.07276995305164319
1 0.74765625 0.31338028169014087 0.0734375 0.08685446009389672
1 0.7109375 0.7136150234741784 0.06875 0.07511737089201878
1 0.725 0.5187793427230047 0.059375 0.07511737089201878
1 0.56796875 0.2887323943661972 0.1265625 0.1267605633802817
1 0.55234375 0.48826291079812206 0.1171875 0.09859154929577464
1 0.53828125 0.681924882629108 0.1171875 0.11032863849765258
2 0.4625 0.40375586854460094 0.04375 0.06572769953051644
