1 0.571875 0.12206572769953052 0.0375 0.09389671361502347
1 0.5578125 0.32981220657276994 0.040625 0.08215962441314555
1 0.54140625 0.5316901408450704 0.0359375 0.08215962441314555
2 0.4640625 0.4119718309859155 0.04375 0.06807511737089202
0 0.55234375 0.6960093896713615 0.0453125 0.08685446009389672
1 0.7140625 0.5152582159624414 0.096875 0.08215962441314555
1 0.18671875 0.3345070422535211 0.0953125 0.08685446009389672
1 0.17890625 0.5316901408450704 0.0984375 0.07746478873239436
1 0.19765625 0.12793427230046947 0.0984375 0.10093896713615023
1 0.7359375 0.31572769953051644 0.1125 0.07276995305164319
1 0.70234375 0.7077464788732394 0.1109375 0.08685446009389672
1 0.3703125 0.2793427230046948 0.10625 0.0892018779342723
1 0.36015625 0.48708920187793425 0.1046875 0.07276995305164319
1 0.34921875 0.687793427230047 0.1046875 0.07511737089201878
