2 0.5018 0.4534 0.0421 0.0620
1 0.5854 0.6014 0.0475 0.0788
1 0.5887 0.4020 0.0624 0.0702
1 0.2395 0.5863 0.1578 0.0763
1 0.5926 0.1969 0.0493 0.0792
1 0.3896 0.6247 0.1011 0.0800
1 0.3938 0.2207 0.0975 0.0807
1 0.7782 0.3356 0.0379 0.0771
1 0.2275 0.3809 0.1034 0.0925
1 0.7642 0.7410 0.0343 0.0817
1 0.2606 0.5953 0.1842 0.0807
1 0.2348 0.1796 0.1415 0.0920
1 0.2364 0.3858 0.1259 0.0902
1 0.3941 0.4283 0.1015 0.0801
1 0.7711 0.5436 0.0428 0.0869
0 0.31953125 0.6103286384976526 0.0421875 0.07042253521126761
