2 0.5027 0.4548 0.0463 0.0647
1 0.2313 0.4851 0.0644 0.0753
1 0.5845 0.4269 0.0367 0.0756
1 0.5848 0.6275 0.0374 0.0820
1 0.5875 0.2218 0.0371 0.0773
1 0.7650 0.6475 0.0476 0.0815
1 0.7792 0.2421 0.0404 0.0825
1 0.4006 0.3562 0.0438 0.0742
1 0.2248 0.4829 0.0636 0.0761
1 0.4018 0.5627 0.0401 0.0746
1 0.2260 0.2785 0.0633 0.0847
1 0.4030 0.7615 0.0385 0.0745
1 0.2277 0.6769 0.0698 0.0782
1 0.7721 0.4543 0.0418 0.0838
0 0.5484 0.5302 0.0521 0.0668
1 0.225 0.4847417840375587 0.075 0.06807511737089202
