3 0.73203125 0.4823943661971831 0.0390625 0.07276995305164319
5 0.18671875 0.3345070422535211 0.0984375 0.09154929577464789
4 0.196875 0.12793427230046947 0.1 0.10093896713615023
4 0.1796875 0.5328638497652582 0.1 0.06572769953051644
2 0.75 0.2699530516431925 0.04375 0.08450704225352113
2 0.709375 0.6690140845070423 0.0375 0.0892018779342723
2 0.35 0.6244131455399061 0.034375 0.08450704225352113
2 0.3625 0.426056338028169 0.040625 0.08685446009389672
2 0.3734375 0.22065727699530516 0.0375 0.08450704225352113
4 0.56953125 0.1784037558685446 0.0515625 0.0892018779342723
4 0.55234375 0.37910798122065725 0.0453125 0.07276995305164319
4 0.5390625 0.5786384976525821 0.046875 0.08215962441314555
1 0.41640625 0.39906103286384975 0.0578125 0.08450704225352113
6 0.46640625 0.4119718309859155 0.0421875 0.06338028169014084
