1 0.1890625 0.30633802816901406 0.1 0.09154929577464789
1 0.2 0.10093896713615023 0.1 0.10328638497652583
1 0.18046875 0.5117370892018779 0.0984375 0.07511737089201878
1 0.56171875 0.2934272300469484 0.0796875 0.10328638497652583
1 0.546875 0.4988262910798122 0.08125 0.09154929577464789
1 0.53359375 0.6960093896713615 0.0859375 0.10093896713615023
1 0.7140625 0.5704225352112676 0.096875 0.09389671361502347
1 0.7328125 0.3673708920187793 0.1 0.09154929577464789
1 0.69453125 0.7605633802816901 0.0953125 0.10328638497652583
1 0.35078125 0.5903755868544601 0.0484375 0.08215962441314555
1 0.36484375 0.3873239436619718 0.0421875 0.07981220657276995
1 0.375 0.18309859154929578 0.04375 0.07981220657276995
0 0.5984375 0.7546948356807511 0.04375 0.07746478873239436
2 0.4640625 0.4072769953051643 0.04375 0.07276995305164319
