1 0.571875 0.12206572769953052 0.0375 0.09389671361502347
1 0.5578125 0.3274647887323944 0.040625 0.08215962441314555
1 0.53984375 0.5316901408450704 0.0359375 0.08215962441314555
2 0.4640625 0.4119718309859155 0.04375 0.06807511737089202
0 0.45078125 0.642018779342723 0.0640625 0.08215962441314555
1 0.72890625 0.4823943661971831 0.0390625 0.09154929577464789
1 0.1859375 0.3380281690140845 0.1 0.0892018779342723
1 0.1953125 0.1255868544600939 0.09375 0.09154929577464789
1 0.17890625 0.534037558685446 0.0953125 0.07276995305164319
1 0.36640625 0.2992957746478873 0.0515625 0.08215962441314555
1 0.3546875 0.5023474178403756 0.053125 0.07511737089201878
1 0.34296875 0.6971830985915493 0.0546875 0.08450704225352113
1 0.7484375 0.2746478873239437 0.034375 0.07511737089201878
1 0.71015625 0.6748826291079812 0.0421875 0.09624413145539906
