1 0.1890625 0.30633802816901406 0.1 0.09154929577464789
1 0.2 0.10093896713615023 0.1 0.10328638497652583
1 0.18046875 0.5117370892018779 0.0984375 0.07511737089201878
1 0.571875 0.12206572769953052 0.0375 0.09389671361502347
1 0.5578125 0.32981220657276994 0.040625 0.08215962441314555
1 0.54140625 0.5316901408450704 0.0359375 0.08215962441314555
1 0.74375 0.3192488262910798 0.0375 0.07981220657276995
1 0.70859375 0.7171361502347418 0.0328125 0.09154929577464789
1 0.38828125 0.18192488262910797 0.1515625 0.09154929577464789
1 0.3734375 0.38967136150234744 0.15 0.0892018779342723
1 0.3640625 0.5927230046948356 0.15 0.08215962441314555
0 0.484375 0.6643192488262911 0.06875 0.06572769953051644
2 0.46484375 0.4084507042253521 0.0421875 0.06572769953051644
1 0.72734375 0.5223004694835681 0.0328125 0.08215962441314555
