1 0.571875 0.12206572769953052 0.0375 0.09389671361502347
1 0.5578125 0.32981220657276994 0.040625 0.08215962441314555
1 0.54140625 0.5316901408450704 0.0359375 0.08215962441314555
1 0.740625 0.34507042253521125 0.040625 0.07981220657276995
1 0.70390625 0.75 0.0328125 0.07276995305164319
2 0.4640625 0.4119718309859155 0.04375 0.06807511737089202
1 0.72421875 0.5516431924882629 0.0390625 0.08450704225352113
0 0.41953125 0.7241784037558685 0.0640625 0.07276995305164319
1 0.184375 0.33215962441314556 0.0875 0.07746478873239436
1 0.19765625 0.12441314553990611 0.0984375 0.09389671361502347
1 0.178125 0.534037558685446 0.096875 0.07746478873239436
1 0.375 0.21948356807511737 0.04375 0.08215962441314555
1 0.36171875 0.426056338028169 0.0359375 0.07746478873239436
1 0.34921875 0.6244131455399061 0.0359375 0.07981220657276995
