2 0.5024 0.4548 0.0444 0.0640
2 0.3305 0.5491 0.0473 0.0703
1 0.5886 0.4024 0.0608 0.0692
1 0.2277 0.5672 0.0703 0.0793
1 0.5852 0.6013 0.0467 0.0788
1 0.4019 0.4918 0.0456 0.0727
1 0.5926 0.1966 0.0484 0.0800
1 0.7708 0.5429 0.0445 0.0879
1 0.2316 0.5681 0.0699 0.0765
1 0.7784 0.3359 0.0381 0.0784
1 0.7643 0.7408 0.0345 0.0827
1 0.4019 0.6875 0.0464 0.0760
1 0.4017 0.2856 0.0535 0.0737
1 0.2242 0.1643 0.0753 0.0984
1 0.2244 0.3677 0.0844 0.0888
0 0.33203125 0.5434272300469484 0.0546875 0.07746478873239436
