4 0.571875 0.12206572769953052 0.0375 0.09389671361502347
4 0.5578125 0.32981220657276994 0.040625 0.08215962441314555
4 0.54140625 0.5316901408450704 0.0359375 0.08215962441314555
6 0.4640625 0.4119718309859155 0.04375 0.06807511737089202
1 0.43125 0.6291079812206573 0.059375 0.07981220657276995
3 0.72890625 0.4788732394366197 0.0390625 0.09859154929577464
5 0.18515625 0.3380281690140845 0.0984375 0.0892018779342723
4 0.19765625 0.12793427230046947 0.0984375 0.09154929577464789
4 0.178125 0.534037558685446 0.096875 0.07276995305164319
2 0.71171875 0.6784037558685446 0.0390625 0.0892018779342723
2 0.75 0.27230046948356806 0.03125 0.07981220657276995
2 0.36875 0.289906103286385 0.05625 0.07276995305164319
2 0.35625 0.49765258215962443 0.05625 0.07511737089201878
2 0.3421875 0.6889671361502347 0.05625 0.08685446009389672
