1 0.571875 0.12206572769953052 0.0375 0.09389671361502347
1 0.5578125 0.32981220657276994 0.040625 0.08215962441314555
1 0.54140625 0.5316901408450704 0.0359375 0.08215962441314555
2 0.4640625 0.4119718309859155 0.04375 0.06807511737089202
0 0.434375 0.5645539906103286 0.05625 0.08685446009389672
1 0.73125 0.47769953051643194 0.040625 0.10093896713615023
1 0.1859375 0.33215962441314556 0.090625 0.07746478873239436
1 0.17890625 0.5352112676056338 0.0953125 0.07981220657276995
1 0.1953125 0.1267605633802817 0.096875 0.09859154929577464
1 0.378125 0.22417840375586853 0.084375 0.09154929577464789
1 0.3609375 0.4284037558685446 0.071875 0.07276995305164319
1 0.34921875 0.6255868544600939 0.0765625 0.07276995305164319
1 0.75078125 0.2711267605633803 0.0359375 0.08215962441314555
1 0.71015625 0.67018779342723 0.0421875 0.09154929577464789
