4 0.571875 0.12206572769953052 0.0375 0.09389671361502347
4 0.5578125 0.32981220657276994 0.040625 0.08215962441314555
4 0.54140625 0.5316901408450704 0.0359375 0.08215962441314555
6 0.4640625 0.4119718309859155 0.04375 0.06807511737089202
1 0.58671875 0.710093896713615 0.0578125 0.08215962441314555
3 0.71328125 0.5246478873239436 0.1234375 0.09154929577464789
5 0.18671875 0.3368544600938967 0.0921875 0.08685446009389672
4 0.17890625 0.5352112676056338 0.1015625 0.07981220657276995
4 0.196875 0.1255868544600939 0.096875 0.09154929577464789
2 0.734375 0.3333333333333333 0.121875 0.09859154929577464
2 0.37578125 0.23943661971830985 0.1046875 0.0892018779342723
2 0.36015625 0.44835680751173707 0.0984375 0.07511737089201878
2 0.353125 0.653755868544601 0.1125 0.09624413145539906
2 0.6984375 0.7136150234741784 0.125 0.09389671361502347
