5 0.1890625 0.30633802816901406 0.1 0.09154929577464789
4 0.2 0.10093896713615023 0.1 0.10328638497652583
4 0.18046875 0.5117370892018779 0.0984375 0.07511737089201878
2 0.35234375 0.5903755868544601 0.0484375 0.08215962441314555
2 0.36328125 0.3873239436619718 0.0421875 0.07981220657276995
2 0.375 0.18309859154929578 0.04375 0.07981220657276995
1 0.71484375 0.7676056338028169 0.0390625 0.03755868544600939
2 0.75546875 0.31572769953051644 0.1296875 0.1056338028169014
2 0.715625 0.7124413145539906 0.115625 0.06807511737089202
3 0.7296875 0.5258215962441315 0.1125 0.0892018779342723
4 0.571875 0.11267605633802817 0.0375 0.09389671361502347
4 0.5578125 0.3227699530516432 0.040625 0.08215962441314555
4 0.54296875 0.5269953051643192 0.0359375 0.08215962441314555
6 0.4640625 0.4084507042253521 0.04375 0.06572769953051644
