1 0.571875 0.12206572769953052 0.0375 0.09389671361502347
1 0.5578125 0.3274647887323944 0.040625 0.08215962441314555
1 0.53984375 0.5316901408450704 0.0359375 0.08215962441314555
2 0.4640625 0.4119718309859155 0.04375 0.06807511737089202
0 0.5625 0.7030516431924883 0.053125 0.07746478873239436
1 0.71640625 0.5164319248826291 0.1265625 0.09859154929577464
1 0.1890625 0.3392018779342723 0.096875 0.08685446009389672
1 0.19765625 0.13028169014084506 0.0984375 0.09624413145539906
1 0.17890625 0.5352112676056338 0.1015625 0.07981220657276995
1 0.3765625 0.2605633802816901 0.115625 0.07981220657276995
1 0.36484375 0.4671361502347418 0.1078125 0.07042253521126761
1 0.353125 0.6678403755868545 0.1125 0.08215962441314555
1 0.69609375 0.7112676056338029 0.1203125 0.09859154929577464
1 0.73671875 0.318075117370892 0.1234375 0.07276995305164319
