1 0.571875 0.12206572769953052 0.0375 0.09389671361502347
1 0.5578125 0.3274647887323944 0.040625 0.08215962441314555
1 0.53984375 0.5316901408450704 0.0359375 0.08215962441314555
1 0.740625 0.3779342723004695 0.040625 0.07981220657276995
1 0.70546875 0.778169014084507 0.0328125 0.07276995305164319
2 0.4640625 0.4119718309859155 0.04375 0.06807511737089202
1 0.72109375 0.5821596244131455 0.0390625 0.08450704225352113
0 0.5953125 0.7288732394366197 0.05625 0.07276995305164319
1 0.18984375 0.33215962441314556 0.1046875 0.09154929577464789
1 0.1953125 0.12323943661971831 0.096875 0.09624413145539906
1 0.178125 0.5316901408450704 0.1 0.06807511737089202
1 0.353125 0.6208920187793427 0.034375 0.08215962441314555
1 0.36015625 0.4272300469483568 0.0390625 0.0892018779342723
1 0.37421875 0.2147887323943662 0.0359375 0.07746478873239436
