5 0.1890625 0.30633802816901406 0.1 0.09154929577464789
4 0.2 0.10093896713615023 0.1 0.10328638497652583
4 0.18046875 0.5117370892018779 0.0984375 0.07511737089201878
2 0.35234375 0.5903755868544601 0.0484375 0.08215962441314555
2 0.36328125 0.3873239436619718 0.0421875 0.07981220657276995
2 0.3734375 0.18309859154929578 0.04375 0.07981220657276995
1 0.74453125 0.7723004694835681 0.0453125 0.07042253521126761
2 0.7171875 0.6772300469483568 0.1125 0.07746478873239436
2 0.75546875 0.27699530516431925 0.1203125 0.09389671361502347
3 0.7328125 0.4800469483568075 0.109375 0.07746478873239436
4 0.575 0.09741784037558686 0.04375 0.09624413145539906
4 0.55859375 0.3051643192488263 0.0515625 0.0892018779342723
4 0.54609375 0.5082159624413145 0.0515625 0.08215962441314555
6 0.46328125 0.4072769953051643 0.0390625 0.06807511737089202
