5 0.1890625 0.30633802816901406 0.1 0.09154929577464789
4 0.2 0.10093896713615023 0.1 0.10328638497652583
4 0.18046875 0.5117370892018779 0.0984375 0.07511737089201878
4 0.571875 0.12206572769953052 0.0375 0.09389671361502347
4 0.5578125 0.3274647887323944 0.040625 0.08215962441314555
4 0.53984375 0.5316901408450704 0.0359375 0.08215962441314555
2 0.3921875 0.17488262910798122 0.153125 0.09154929577464789
2 0.378125 0.38615023474178406 0.146875 0.09154929577464789
2 0.3640625 0.5880281690140845 0.15 0.09154929577464789
2 0.74453125 0.31572769953051644 0.0359375 0.08215962441314555
2 0.70859375 0.7206572769953051 0.0328125 0.07981220657276995
1 0.3828125 0.6431924882629108 0.05 0.056338028169014086
6 0.46484375 0.4084507042253521 0.0421875 0.06103286384976526
3 0.728125 0.5223004694835681 0.0375 0.08215962441314555
