4 0.571875 0.12206572769953052 0.0375 0.09389671361502347
4 0.5578125 0.3274647887323944 0.040625 0.08215962441314555
4 0.53984375 0.5316901408450704 0.0359375 0.08215962441314555
2 0.7453125 0.3145539906103286 0.040625 0.07981220657276995
2 0.71015625 0.7171361502347418 0.0328125 0.07276995305164319
6 0.4640625 0.4119718309859155 0.04375 0.06807511737089202
3 0.72578125 0.5211267605633803 0.0390625 0.08450704225352113
1 0.1359375 0.704225352112676 0.0375 0.03755868544600939
5 0.1671875 0.4765258215962441 0.1125 0.08450704225352113
4 0.15703125 0.6654929577464789 0.1265625 0.09154929577464789
4 0.17265625 0.2640845070422535 0.1390625 0.09624413145539906
2 0.35 0.6232394366197183 0.05 0.08215962441314555
2 0.3609375 0.4225352112676056 0.040625 0.07511737089201878
2 0.37109375 0.2136150234741784 0.0453125 0.08450704225352113
