2 0.5019 0.4597 0.0444 0.0648
1 0.5837 0.6858 0.0485 0.0802
1 0.5893 0.2853 0.0513 0.0788
1 0.4025 0.7635 0.0356 0.0751
1 0.7615 0.5878 0.0834 0.0888
1 0.2268 0.3033 0.0921 0.0792
1 0.7605 0.7814 0.0847 0.0834
1 0.2281 0.6982 0.0830 0.0762
1 0.7705 0.3858 0.0813 0.0778
1 0.2267 0.5045 0.0906 0.0787
1 0.5862 0.4893 0.0533 0.0778
1 0.4022 0.5711 0.0450 0.0774
1 0.4019 0.3719 0.0381 0.0732
0 0.15859375 0.4823943661971831 0.0515625 0.08215962441314555
0 0.14296875 0.39906103286384975 0.0234375 0.056338028169014086
