1 0.571875 0.12206572769953052 0.0375 0.09389671361502347
1 0.5578125 0.32981220657276994 0.040625 0.08215962441314555
1 0.54140625 0.5316901408450704 0.0359375 0.08215962441314555
1 0.74375 0.32629107981220656 0.040625 0.07981220657276995
1 0.70859375 0.7312206572769953 0.0328125 0.07276995305164319
2 0.4640625 0.4119718309859155 0.04375 0.06807511737089202
1 0.72578125 0.5328638497652582 0.0390625 0.08450704225352113
0 0.37265625 0.7171361502347418 0.0515625 0.07746478873239436
1 0.1875 0.3345070422535211 0.09375 0.07276995305164319
1 0.19765625 0.12793427230046947 0.0984375 0.09154929577464789
1 0.17734375 0.534037558685446 0.0984375 0.07276995305164319
1 0.37421875 0.21830985915492956 0.0484375 0.08450704225352113
1 0.36171875 0.42488262910798125 0.0421875 0.0892018779342723
1 0.3484375 0.6244131455399061 0.046875 0.07981220657276995
