4 0.571875 0.12206572769953052 0.0375 0.09389671361502347
4 0.5578125 0.32981220657276994 0.040625 0.08215962441314555
4 0.54140625 0.5316901408450704 0.0359375 0.08215962441314555
6 0.4640625 0.4119718309859155 0.04375 0.06807511737089202
1 0.4671875 0.653755868544601 0.05625 0.07276995305164319
3 0.728125 0.4800469483568075 0.0375 0.08685446009389672
5 0.184375 0.33215962441314556 0.1 0.10093896713615023
4 0.196875 0.1255868544600939 0.1 0.09624413145539906
4 0.178125 0.5305164319248826 0.1 0.06572769953051644
2 0.36953125 0.3028169014084507 0.0546875 0.07042253521126761
2 0.35625 0.5082159624413145 0.053125 0.07276995305164319
2 0.3421875 0.7030516431924883 0.059375 0.07746478873239436
2 0.7109375 0.6795774647887324 0.04375 0.08685446009389672
2 0.75 0.284037558685446 0.0375 0.08450704225352113
