1 0.571875 0.12206572769953052 0.0375 0.09389671361502347
1 0.5578125 0.3274647887323944 0.040625 0.08215962441314555
1 0.53984375 0.5316901408450704 0.0359375 0.08215962441314555
2 0.4640625 0.4119718309859155 0.04375 0.06807511737089202
0 0.65390625 0.7265258215962441 0.0578125 0.07746478873239436
1 0.721875 0.5481220657276995 0.05 0.08215962441314555
1 0.18828125 0.33215962441314556 0.0953125 0.07746478873239436
1 0.19765625 0.1267605633802817 0.0984375 0.09389671361502347
1 0.17734375 0.5375586854460094 0.0984375 0.07511737089201878
1 0.3515625 0.6232394366197183 0.034375 0.08685446009389672
1 0.3625 0.42018779342723006 0.034375 0.07981220657276995
1 0.37421875 0.2147887323943662 0.0359375 0.07746478873239436
1 0.7390625 0.3438967136150235 0.04375 0.07276995305164319
1 0.70625 0.7382629107981221 0.05 0.10093896713615023
