1 0.571875 0.12206572769953052 0.0375 0.09389671361502347
1 0.5578125 0.3274647887323944 0.040625 0.08215962441314555
1 0.53984375 0.5316901408450704 0.0359375 0.08215962441314555
2 0.4640625 0.4119718309859155 0.04375 0.06807511737089202
0 0.52109375 0.6807511737089202 0.0515625 0.07042253521126761
1 0.71875 0.5105633802816901 0.08125 0.07746478873239436
1 0.1890625 0.3380281690140845 0.10625 0.10328638497652583
1 0.196875 0.1255868544600939 0.1 0.09154929577464789
1 0.17890625 0.5305164319248826 0.0984375 0.06572769953051644
1 0.34453125 0.6983568075117371 0.0859375 0.08215962441314555
1 0.35703125 0.5023474178403756 0.0796875 0.07981220657276995
1 0.37109375 0.29694835680751175 0.0859375 0.08215962441314555
1 0.74296875 0.30633802816901406 0.0796875 0.07276995305164319
1 0.7046875 0.7007042253521126 0.078125 0.09154929577464789
