1 0.1890625 0.30633802816901406 0.1 0.09154929577464789
1 0.2 0.10093896713615023 0.1 0.10328638497652583
1 0.18046875 0.5117370892018779 0.0984375 0.07511737089201878
1 0.35234375 0.5903755868544601 0.0484375 0.08215962441314555
1 0.36328125 0.3873239436619718 0.0421875 0.07981220657276995
1 0.375 0.18309859154929578 0.04375 0.07981220657276995
1 0.75390625 0.3438967136150235 0.1296875 0.1056338028169014
1 0.7140625 0.7359154929577465 0.115625 0.06807511737089202
1 0.728125 0.5516431924882629 0.1125 0.0892018779342723
1 0.571875 0.11971830985915492 0.0375 0.09389671361502347
1 0.5578125 0.32981220657276994 0.040625 0.08215962441314555
1 0.54296875 0.534037558685446 0.0359375 0.08215962441314555
2 0.4640625 0.4072769953051643 0.04375 0.06807511737089202
