2 0.5011 0.4578 0.0442 0.0609
1 0.2275 0.6305 0.0756 0.0748
1 0.5818 0.5722 0.0484 0.0762
1 0.3976 0.5804 0.0733 0.0732
1 0.3967 0.3799 0.0666 0.0649
1 0.7672 0.5851 0.0429 0.0819
1 0.2238 0.4412 0.0758 0.0810
1 0.5792 0.7661 0.0386 0.0860
1 0.2223 0.2330 0.0815 0.0869
1 0.7740 0.3828 0.0408 0.0778
1 0.4061 0.7724 0.0535 0.0771
0 0.4057 0.7676 0.0604 0.0798
1 0.5868 0.3681 0.0528 0.0686
1 0.7624 0.7819 0.0439 0.0815
0 0.43984375 0.7664319248826291 0.0328125 0.06807511737089202
1 0.39140625 0.7699530516431925 0.0578125 0.09389671361502347
