2 0.5028 0.4549 0.0450 0.0625
2 0.3319 0.5479 0.0453 0.0693
1 0.2279 0.5675 0.0711 0.0791
1 0.5925 0.1970 0.0484 0.0819
1 0.7785 0.3362 0.0380 0.0783
1 0.5885 0.4019 0.0604 0.0679
1 0.7707 0.5426 0.0439 0.0875
1 0.4024 0.4919 0.0422 0.0739
1 0.2315 0.5674 0.0723 0.0770
1 0.2242 0.1640 0.0749 0.0994
1 0.4027 0.6887 0.0336 0.0723
1 0.4021 0.2846 0.0430 0.0767
1 0.7641 0.7412 0.0343 0.0819
1 0.5852 0.6008 0.0456 0.0786
1 0.2263 0.3700 0.0852 0.0896
0 0.33046875 0.5410798122065728 0.0484375 0.08215962441314555
