5 0.1890625 0.30633802816901406 0.1 0.09154929577464789
4 0.2 0.10093896713615023 0.1 0.10328638497652583
4 0.18046875 0.5117370892018779 0.0984375 0.07511737089201878
2 0.35234375 0.5903755868544601 0.0484375 0.08215962441314555
2 0.36328125 0.3873239436619718 0.0421875 0.07981220657276995
2 0.375 0.18309859154929578 0.04375 0.07981220657276995
4 0.571875 0.12206572769953052 0.0375 0.09389671361502347
4 0.5578125 0.3274647887323944 0.040625 0.08215962441314555
4 0.53984375 0.5316901408450704 0.0359375 0.08215962441314555
2 0.7375 0.35563380281690143 0.059375 0.07746478873239436
2 0.7 0.744131455399061 0.059375 0.09389671361502347
1 0.59375 0.704225352112676 0.071875 0.07511737089201878
6 0.4625 0.4084507042253521 0.046875 0.06572769953051644
3 0.7203125 0.5586854460093896 0.065625 0.08450704225352113
