5 0.190625 0.3086854460093897 0.1 0.09154929577464789
4 0.2 0.10328638497652583 0.1 0.10328638497652583
4 0.18046875 0.5140845070422535 0.0984375 0.07511737089201878
4 0.571875 0.12206572769953052 0.0375 0.09389671361502347
4 0.5578125 0.32981220657276994 0.040625 0.08215962441314555
4 0.54140625 0.5316901408450704 0.0359375 0.08215962441314555
2 0.7453125 0.31220657276995306 0.040625 0.07981220657276995
2 0.70859375 0.7171361502347418 0.0328125 0.07276995305164319
6 0.4640625 0.4119718309859155 0.04375 0.06807511737089202
3 0.72578125 0.5187793427230047 0.0390625 0.08450704225352113
1 0.13671875 0.6607981220657277 0.0515625 0.07746478873239436
2 0.3734375 0.21830985915492956 0.046875 0.07981220657276995
2 0.36328125 0.42488262910798125 0.0421875 0.08450704225352113
2 0.346875 0.6232394366197183 0.046875 0.08215962441314555
