4 0.571875 0.12206572769953052 0.0375 0.09389671361502347
4 0.5578125 0.3274647887323944 0.040625 0.08215962441314555
4 0.53984375 0.5316901408450704 0.0359375 0.08215962441314555
2 0.74375 0.3215962441314554 0.040625 0.07981220657276995
2 0.70859375 0.7265258215962441 0.0328125 0.07276995305164319
6 0.4640625 0.4119718309859155 0.04375 0.06807511737089202
3 0.72578125 0.528169014084507 0.0390625 0.08450704225352113
5 0.16875 0.47769953051643194 0.090625 0.09154929577464789
4 0.17734375 0.27699530516431925 0.1046875 0.07981220657276995
4 0.1625 0.6713615023474179 0.09375 0.09389671361502347
2 0.34921875 0.6208920187793427 0.0421875 0.08685446009389672
2 0.3625 0.4225352112676056 0.04375 0.07981220657276995
2 0.37421875 0.215962441314554 0.0453125 0.07981220657276995
