2 0.5028 0.4548 0.0448 0.0636
2 0.3311 0.5489 0.0463 0.0699
1 0.2280 0.5674 0.0694 0.0799
1 0.5887 0.4018 0.0605 0.0690
1 0.2318 0.5680 0.0717 0.0772
1 0.7784 0.3360 0.0377 0.0778
1 0.5929 0.1969 0.0482 0.0810
1 0.4047 0.4929 0.0358 0.0767
1 0.7707 0.5430 0.0424 0.0872
1 0.5851 0.6010 0.0465 0.0786
1 0.7640 0.7406 0.0348 0.0828
1 0.4029 0.2843 0.0394 0.0773
1 0.2240 0.1640 0.0753 0.0990
1 0.4040 0.6898 0.0316 0.0708
1 0.2251 0.3696 0.0842 0.0895
0 0.33046875 0.5387323943661971 0.0546875 0.08215962441314555
