1 0.571875 0.12206572769953052 0.0375 0.09389671361502347
1 0.5578125 0.32981220657276994 0.040625 0.08215962441314555
1 0.54140625 0.5316901408450704 0.0359375 0.08215962441314555
1 0.74375 0.3215962441314554 0.040625 0.07981220657276995
1 0.71015625 0.721830985915493 0.0328125 0.07276995305164319
2 0.4640625 0.4119718309859155 0.04375 0.06807511737089202
1 0.72578125 0.528169014084507 0.0390625 0.08450704225352113
1 0.17109375 0.4894366197183099 0.0953125 0.08215962441314555
1 0.17578125 0.2828638497652582 0.1046875 0.09154929577464789
1 0.1625 0.6807511737089202 0.1 0.09389671361502347
1 0.3734375 0.215962441314554 0.046875 0.07981220657276995
1 0.3625 0.426056338028169 0.04375 0.08215962441314555
1 0.34765625 0.6208920187793427 0.0453125 0.07746478873239436
