4 0.571875 0.12206572769953052 0.0375 0.09389671361502347
4 0.5578125 0.32981220657276994 0.040625 0.08215962441314555
4 0.54140625 0.5316901408450704 0.0359375 0.08215962441314555
6 0.4640625 0.4119718309859155 0.04375 0.06807511737089202
1 0.40390625 0.6091549295774648 0.0578125 0.07746478873239436
3 0.73046875 0.47769953051643194 0.0421875 0.09624413145539906
5 0.1859375 0.33098591549295775 0.096875 0.09389671361502347
4 0.196875 0.12323943661971831 0.1 0.09624413145539906
4 0.1765625 0.5305164319248826 0.096875 0.06572769953051644
2 0.71171875 0.6748826291079812 0.0390625 0.09154929577464789
2 0.75 0.2746478873239437 0.0375 0.08450704225352113
2 0.3703125 0.26173708920187794 0.0625 0.08215962441314555
2 0.35859375 0.465962441314554 0.0609375 0.07746478873239436
2 0.34609375 0.6619718309859155 0.0640625 0.08450704225352113
