1 0.1890625 0.30633802816901406 0.1 0.09154929577464789
1 0.2 0.10093896713615023 0.1 0.10328638497652583
1 0.18046875 0.5117370892018779 0.0984375 0.07511737089201878
1 0.53046875 0.721830985915493 0.0859375 0.10093896713615023
1 0.69453125 0.7300469483568075 0.0953125 0.10328638497652583
1 0.35078125 0.5903755868544601 0.0484375 0.08215962441314555
1 0.36484375 0.3873239436619718 0.0421875 0.07981220657276995
1 0.375 0.18309859154929578 0.04375 0.07981220657276995
1 0.55078125 0.545774647887324 0.1265625 0.08215962441314555
1 0.5640625 0.34624413145539906 0.103125 0.08685446009389672
0 0.60703125 0.7535211267605634 0.0421875 0.06572769953051644
1 0.740625 0.3286384976525822 0.05625 0.08450704225352113
1 0.72265625 0.5293427230046949 0.0515625 0.07746478873239436
2 0.46328125 0.40375586854460094 0.0390625 0.06572769953051644
