1 0.571875 0.12206572769953052 0.0375 0.09389671361502347
1 0.5578125 0.3274647887323944 0.040625 0.08215962441314555
1 0.53984375 0.5316901408450704 0.0359375 0.08215962441314555
1 0.7453125 0.31220657276995306 0.040625 0.07981220657276995
1 0.71015625 0.7147887323943662 0.0328125 0.07276995305164319
2 0.4640625 0.4119718309859155 0.04375 0.06807511737089202
1 0.72578125 0.5187793427230047 0.0390625 0.08450704225352113
0 0.13671875 0.6748826291079812 0.0484375 0.07276995305164319
1 0.17421875 0.42018779342723006 0.1015625 0.07511737089201878
1 0.159375 0.6173708920187794 0.13125 0.08450704225352113
1 0.17578125 0.20892018779342722 0.1390625 0.10328638497652583
1 0.3515625 0.6220657276995305 0.053125 0.07981220657276995
1 0.3609375 0.42370892018779344 0.046875 0.08215962441314555
1 0.37265625 0.2147887323943662 0.0484375 0.08215962441314555
