6 0.4640625 0.4119718309859155 0.04375 0.06807511737089202
3 0.73203125 0.4823943661971831 0.0390625 0.07276995305164319
5 0.18671875 0.3345070422535211 0.0984375 0.09154929577464789
4 0.196875 0.12793427230046947 0.1 0.10093896713615023
4 0.1796875 0.5328638497652582 0.1 0.06572769953051644
2 0.7515625 0.2699530516431925 0.04375 0.08450704225352113
2 0.7109375 0.6690140845070423 0.0375 0.0892018779342723
2 0.35 0.6244131455399061 0.034375 0.08450704225352113
2 0.3625 0.426056338028169 0.040625 0.08685446009389672
2 0.3734375 0.22065727699530516 0.0375 0.08450704225352113
4 0.5515625 0.6044600938967136 0.146875 0.08215962441314555
4 0.5625 0.397887323943662 0.153125 0.09624413145539906
4 0.58203125 0.19248826291079812 0.1546875 0.09859154929577464
