4 0.571875 0.12206572769953052 0.0375 0.09389671361502347
4 0.5578125 0.32981220657276994 0.040625 0.08215962441314555
4 0.54140625 0.5316901408450704 0.0359375 0.08215962441314555
2 0.740625 0.3732394366197183 0.040625 0.07981220657276995
2 0.70546875 0.7711267605633803 0.0328125 0.07276995305164319
6 0.4640625 0.4119718309859155 0.04375 0.06807511737089202
3 0.72265625 0.5751173708920188 0.0390625 0.08450704225352113
1 0.6203125 0.7323943661971831 0.059375 0.07042253521126761
5 0.1875 0.33098591549295775 0.103125 0.0892018779342723
4 0.1765625 0.5363849765258216 0.096875 0.07276995305164319
4 0.196875 0.1267605633802817 0.1 0.09389671361502347
2 0.375 0.21830985915492956 0.034375 0.07981220657276995
2 0.36171875 0.42370892018779344 0.0359375 0.08215962441314555
2 0.3515625 0.6185446009389671 0.03125 0.08215962441314555
