2 0.5008 0.4587 0.0447 0.0651
1 0.4006 0.5709 0.0451 0.0778
1 0.5881 0.2848 0.0526 0.0787
1 0.4017 0.7623 0.0357 0.0778
1 0.7611 0.5858 0.0846 0.0876
1 0.2253 0.3032 0.0943 0.0772
1 0.2273 0.6981 0.0827 0.0743
1 0.7595 0.7810 0.0826 0.0834
1 0.7672 0.3834 0.0758 0.0748
1 0.2261 0.5038 0.0887 0.0776
1 0.5852 0.4888 0.0520 0.0776
1 0.5822 0.6854 0.0474 0.0810
1 0.4008 0.3706 0.0390 0.0727
0 0.159375 0.4800469483568075 0.046875 0.06807511737089202
0 0.14140625 0.39906103286384975 0.0234375 0.056338028169014086
