1 0.1890625 0.30633802816901406 0.1 0.09154929577464789
1 0.2 0.10093896713615023 0.1 0.10328638497652583
1 0.18046875 0.5117370892018779 0.0984375 0.07511737089201878
1 0.35078125 0.5903755868544601 0.0484375 0.08215962441314555
1 0.36484375 0.3873239436619718 0.0421875 0.07981220657276995
1 0.375 0.18309859154929578 0.04375 0.07981220657276995
0 0.65859375 0.7605633802816901 0.0578125 0.06572769953051644
1 0.7078125 0.7124413145539906 0.040625 0.08685446009389672
1 0.74453125 0.31690140845070425 0.0484375 0.07981220657276995
1 0.56953125 0.33215962441314556 0.1546875 0.10093896713615023
1 0.55703125 0.5293427230046949 0.1484375 0.10093896713615023
1 0.53828125 0.7265258215962441 0.1453125 0.10093896713615023
1 0.72265625 0.5269953051643192 0.0515625 0.07746478873239436
2 0.46328125 0.40492957746478875 0.0453125 0.06338028169014084
