5 0.1890625 0.30633802816901406 0.1 0.09154929577464789
4 0.2 0.10093896713615023 0.1 0.10328638497652583
4 0.18046875 0.5117370892018779 0.0984375 0.07511737089201878
4 0.571875 0.12206572769953052 0.0375 0.09389671361502347
4 0.5578125 0.3274647887323944 0.040625 0.08215962441314555
4 0.53984375 0.5316901408450704 0.0359375 0.08215962441314555
2 0.36640625 0.2136150234741784 0.0921875 0.06572769953051644
2 0.353125 0.41784037558685444 0.096875 0.07511737089201878
2 0.3421875 0.6173708920187794 0.090625 0.0892018779342723
2 0.74453125 0.3145539906103286 0.0390625 0.07511737089201878
2 0.71015625 0.7147887323943662 0.0390625 0.09154929577464789
1 0.25 0.5704225352112676 0.0625 0.07981220657276995
6 0.46484375 0.4096244131455399 0.0421875 0.06338028169014084
3 0.72421875 0.5211267605633803 0.0359375 0.08450704225352113
