4 0.571875 0.12206572769953052 0.0375 0.09389671361502347
4 0.5578125 0.32981220657276994 0.040625 0.08215962441314555
4 0.54140625 0.5316901408450704 0.0359375 0.08215962441314555
6 0.4640625 0.4119718309859155 0.04375 0.06807511737089202
1 0.503125 0.6784037558685446 0.046875 0.07511737089201878
3 0.72109375 0.505868544600939 0.0546875 0.07746478873239436
5 0.18515625 0.3333333333333333 0.1015625 0.0892018779342723
4 0.19921875 0.12441314553990611 0.0984375 0.09859154929577464
4 0.178125 0.5328638497652582 0.1 0.07042253521126761
2 0.70703125 0.6995305164319249 0.0640625 0.09859154929577464
2 0.7453125 0.30164319248826293 0.05625 0.08215962441314555
2 0.36796875 0.30164319248826293 0.0640625 0.07746478873239436
2 0.3578125 0.5082159624413145 0.06875 0.07276995305164319
2 0.34453125 0.7030516431924883 0.0671875 0.07746478873239436
