2 0.5022 0.4556 0.0458 0.0659
2 0.6021 0.5544 0.0434 0.0752
1 0.5891 0.2206 0.0388 0.0786
1 0.5839 0.6244 0.0324 0.0769
1 0.5861 0.4252 0.0344 0.0713
1 0.2256 0.2793 0.0639 0.0834
1 0.4041 0.5095 0.0336 0.0739
1 0.2277 0.6774 0.0699 0.0779
1 0.4034 0.7077 0.0301 0.0718
1 0.2313 0.4868 0.0654 0.0712
1 0.7645 0.7421 0.0339 0.0780
1 0.4039 0.3041 0.0375 0.0777
1 0.7709 0.5418 0.0461 0.0865
1 0.7753 0.3348 0.0403 0.0750
1 0.2231 0.4845 0.0633 0.0743
0 0.60546875 0.5504694835680751 0.0328125 0.06807511737089202
