4 0.571875 0.12206572769953052 0.0375 0.09389671361502347
4 0.5578125 0.3274647887323944 0.040625 0.08215962441314555
4 0.53984375 0.5316901408450704 0.0359375 0.08215962441314555
2 0.74375 0.3215962441314554 0.040625 0.07981220657276995
2 0.70859375 0.7265258215962441 0.0328125 0.07276995305164319
6 0.4640625 0.4119718309859155 0.04375 0.06807511737089202
3 0.72578125 0.528169014084507 0.0390625 0.08450704225352113
1 0.27734375 0.7018779342723005 0.0703125 0.06103286384976526
5 0.1890625 0.3427230046948357 0.125 0.07511737089201878
4 0.1828125 0.5446009389671361 0.128125 0.0892018779342723
4 0.1984375 0.14084507042253522 0.13125 0.11267605633802817
2 0.3484375 0.6232394366197183 0.046875 0.08215962441314555
2 0.3609375 0.42488262910798125 0.04375 0.07981220657276995
2 0.37265625 0.21948356807511737 0.0484375 0.08215962441314555
