2 0.5017 0.4544 0.0432 0.0658
1 0.5853 0.6232 0.0410 0.0846
1 0.5898 0.2205 0.0423 0.0804
1 0.2262 0.2798 0.0625 0.0849
1 0.5867 0.4228 0.0456 0.0767
1 0.4022 0.7599 0.0963 0.0803
1 0.7523 0.7237 0.1255 0.0838
1 0.4044 0.5668 0.0879 0.0691
1 0.2315 0.4863 0.0713 0.0891
1 0.4043 0.3636 0.0885 0.0660
1 0.2249 0.4856 0.0684 0.0890
1 0.7648 0.3284 0.1203 0.0860
1 0.2275 0.6756 0.0652 0.0828
1 0.7591 0.5288 0.1219 0.0878
0 0.7359375 0.7723004694835681 0.040625 0.06103286384976526
1 0.225 0.4859154929577465 0.075 0.07511737089201878
