4 0.571875 0.12206572769953052 0.0375 0.09389671361502347
4 0.5578125 0.3274647887323944 0.040625 0.08215962441314555
4 0.53984375 0.5316901408450704 0.0359375 0.08215962441314555
2 0.7390625 0.36619718309859156 0.040625 0.07981220657276995
2 0.70234375 0.7664319248826291 0.0328125 0.07276995305164319
6 0.4640625 0.4119718309859155 0.04375 0.06807511737089202
3 0.72265625 0.5704225352112676 0.0390625 0.08450704225352113
1 0.49296875 0.7265258215962441 0.0640625 0.08215962441314555
5 0.1890625 0.33568075117370894 0.1 0.0892018779342723
4 0.17734375 0.534037558685446 0.0953125 0.07276995305164319
4 0.19765625 0.12793427230046947 0.0984375 0.09154929577464789
2 0.35234375 0.6232394366197183 0.0390625 0.09154929577464789
2 0.36328125 0.42488262910798125 0.0453125 0.08450704225352113
2 0.37578125 0.22065727699530516 0.0359375 0.07981220657276995
