1 0.571875 0.12206572769953052 0.0375 0.09389671361502347
1 0.5578125 0.3274647887323944 0.040625 0.08215962441314555
1 0.53984375 0.5316901408450704 0.0359375 0.08215962441314555
1 0.74375 0.3192488262910798 0.040625 0.07981220657276995
1 0.70859375 0.7194835680751174 0.0328125 0.07276995305164319
2 0.4640625 0.4119718309859155 0.04375 0.06807511737089202
1 0.72578125 0.5258215962441315 0.0390625 0.08450704225352113
0 0.1421875 0.6467136150234741 0.03125 0.02112676056338028
1 0.16796875 0.49061032863849763 0.1078125 0.08450704225352113
1 0.16015625 0.6889671361502347 0.1109375 0.08685446009389672
1 0.17265625 0.284037558685446 0.1234375 0.08450704225352113
1 0.3484375 0.6255868544600939 0.046875 0.07746478873239436
1 0.36015625 0.4225352112676056 0.0453125 0.07511737089201878
1 0.3734375 0.21244131455399062 0.046875 0.08215962441314555
