5 0.1890625 0.30633802816901406 0.1 0.09154929577464789
4 0.2 0.10093896713615023 0.1 0.10328638497652583
4 0.18046875 0.5117370892018779 0.0984375 0.07511737089201878
4 0.571875 0.12206572769953052 0.0375 0.09389671361502347
4 0.5578125 0.3274647887323944 0.040625 0.08215962441314555
4 0.53984375 0.5316901408450704 0.0359375 0.08215962441314555
2 0.38359375 0.19718309859154928 0.1296875 0.0892018779342723
2 0.36875 0.40375586854460094 0.125 0.07511737089201878
2 0.3609375 0.6115023474178404 0.1 0.09154929577464789
2 0.746875 0.31572769953051644 0.04375 0.08215962441314555
2 0.70625 0.715962441314554 0.0375 0.07981220657276995
1 0.303125 0.5903755868544601 0.04375 0.06807511737089202
6 0.46484375 0.4072769953051643 0.0421875 0.06338028169014084
3 0.728125 0.5187793427230047 0.040625 0.0892018779342723
