1 0.571875 0.12206572769953052 0.0375 0.09389671361502347
1 0.5578125 0.32981220657276994 0.040625 0.08215962441314555
1 0.54140625 0.5316901408450704 0.0359375 0.08215962441314555
1 0.7453125 0.31220657276995306 0.040625 0.07981220657276995
1 0.70859375 0.7147887323943662 0.0328125 0.07276995305164319
2 0.4640625 0.4119718309859155 0.04375 0.06807511737089202
1 0.72578125 0.5211267605633803 0.0390625 0.08450704225352113
0 0.13515625 0.6901408450704225 0.0390625 0.051643192488262914
1 0.17578125 0.4518779342723005 0.1078125 0.09154929577464789
1 0.17421875 0.23826291079812206 0.1390625 0.10093896713615023
1 0.15390625 0.6396713615023474 0.1359375 0.09154929577464789
1 0.37421875 0.21713615023474178 0.0453125 0.08215962441314555
1 0.3625 0.42370892018779344 0.04375 0.08215962441314555
1 0.35 0.6208920187793427 0.05 0.07746478873239436
