2 0.5029 0.4550 0.0450 0.0643
2 0.3310 0.5490 0.0475 0.0699
1 0.5888 0.4022 0.0612 0.0696
1 0.2281 0.5673 0.0713 0.0793
1 0.5930 0.1969 0.0487 0.0804
1 0.4040 0.4913 0.0379 0.0745
1 0.7710 0.5429 0.0423 0.0889
1 0.4032 0.6888 0.0382 0.0736
1 0.5853 0.6009 0.0469 0.0780
1 0.2317 0.5678 0.0717 0.0770
1 0.7794 0.3363 0.0378 0.0785
1 0.7643 0.7410 0.0350 0.0818
1 0.4027 0.2857 0.0456 0.0750
1 0.2244 0.1639 0.0791 0.0972
1 0.2255 0.3684 0.0866 0.0889
0 0.33046875 0.5422535211267606 0.0515625 0.07511737089201878
