4 0.571875 0.1267605633802817 0.0375 0.09389671361502347
4 0.5578125 0.3345070422535211 0.040625 0.08215962441314555
4 0.54140625 0.5387323943661971 0.0359375 0.08215962441314555
6 0.4640625 0.4119718309859155 0.04375 0.06807511737089202
1 0.5484375 0.4413145539906103 0.05625 0.07511737089201878
3 0.73203125 0.4823943661971831 0.0390625 0.07276995305164319
5 0.18671875 0.3345070422535211 0.0984375 0.09154929577464789
4 0.196875 0.12793427230046947 0.1 0.10093896713615023
4 0.1796875 0.5328638497652582 0.1 0.06572769953051644
2 0.7515625 0.2699530516431925 0.04375 0.08450704225352113
2 0.7109375 0.6690140845070423 0.0375 0.0892018779342723
2 0.35 0.6244131455399061 0.034375 0.08450704225352113
2 0.3625 0.426056338028169 0.040625 0.08685446009389672
2 0.3734375 0.22065727699530516 0.0375 0.08450704225352113
