5 0.1890625 0.30633802816901406 0.1 0.09154929577464789
4 0.2 0.10093896713615023 0.1 0.10328638497652583
4 0.18046875 0.5117370892018779 0.0984375 0.07511737089201878
2 0.35078125 0.5903755868544601 0.0484375 0.08215962441314555
2 0.36484375 0.3873239436619718 0.0421875 0.07981220657276995
2 0.375 0.18309859154929578 0.04375 0.07981220657276995
1 0.70625 0.7746478873239436 0.05625 0.051643192488262914
2 0.75078125 0.31103286384976525 0.1015625 0.08685446009389672
2 0.71015625 0.7065727699530516 0.0921875 0.07042253521126761
3 0.73046875 0.5176056338028169 0.0859375 0.06338028169014084
4 0.565625 0.22300469483568075 0.05625 0.1267605633802817
4 0.5515625 0.43309859154929575 0.05625 0.12441314553990611
4 0.5359375 0.6255868544600939 0.05625 0.11971830985915492
6 0.4640625 0.4061032863849765 0.04375 0.06572769953051644
