1 0.571875 0.12206572769953052 0.0375 0.09389671361502347
1 0.5578125 0.32981220657276994 0.040625 0.08215962441314555
1 0.54140625 0.5316901408450704 0.0359375 0.08215962441314555
2 0.4640625 0.4119718309859155 0.04375 0.06807511737089202
0 0.4765625 0.5199530516431925 0.05625 0.08215962441314555
1 0.73046875 0.4788732394366197 0.0359375 0.0892018779342723
1 0.18671875 0.3333333333333333 0.0984375 0.08450704225352113
1 0.1953125 0.1255868544600939 0.09375 0.10093896713615023
1 0.17890625 0.5316901408450704 0.1015625 0.06807511737089202
1 0.378125 0.21713615023474178 0.040625 0.08685446009389672
1 0.36015625 0.42370892018779344 0.0421875 0.08215962441314555
1 0.35078125 0.6232394366197183 0.0359375 0.08685446009389672
1 0.7109375 0.6678403755868545 0.0375 0.08685446009389672
1 0.7515625 0.2711267605633803 0.034375 0.07746478873239436
