2 0.5028 0.4550 0.0443 0.0611
2 0.3270 0.5301 0.0572 0.0677
1 0.2343 0.4016 0.1147 0.0851
1 0.2360 0.1964 0.1365 0.0806
1 0.5892 0.4016 0.0602 0.0682
1 0.5931 0.1973 0.0514 0.0796
1 0.7706 0.5429 0.0430 0.0870
1 0.4044 0.5410 0.0386 0.0747
1 0.5853 0.6013 0.0472 0.0780
1 0.4022 0.3370 0.0390 0.0739
1 0.7643 0.7414 0.0345 0.0818
1 0.2339 0.5992 0.1422 0.0674
1 0.7788 0.3363 0.0382 0.0773
1 0.4039 0.7361 0.0356 0.0738
1 0.2269 0.4008 0.1003 0.0845
0 0.32578125 0.5316901408450704 0.0546875 0.07276995305164319
