1 0.73203125 0.4823943661971831 0.0390625 0.07276995305164319
1 0.18671875 0.3345070422535211 0.0984375 0.09154929577464789
1 0.196875 0.12793427230046947 0.1 0.10093896713615023
1 0.1796875 0.5328638497652582 0.1 0.06572769953051644
1 0.75 0.2699530516431925 0.04375 0.08450704225352113
1 0.709375 0.6690140845070423 0.0375 0.0892018779342723
1 0.35 0.6244131455399061 0.034375 0.08450704225352113
1 0.3625 0.426056338028169 0.040625 0.08685446009389672
1 0.3734375 0.22065727699530516 0.0375 0.08450704225352113
1 0.53359375 0.6056338028169014 0.0359375 0.09859154929577464
1 0.55078125 0.4025821596244131 0.0359375 0.09624413145539906
1 0.565625 0.1960093896713615 0.0375 0.09154929577464789
0 0.446875 0.392018779342723 0.0625 0.06572769953051644
