4 0.571875 0.12206572769953052 0.0375 0.09389671361502347
4 0.5578125 0.3274647887323944 0.040625 0.08215962441314555
4 0.53984375 0.5316901408450704 0.0359375 0.08215962441314555
2 0.7453125 0.31220657276995306 0.040625 0.07981220657276995
2 0.71015625 0.7147887323943662 0.0328125 0.07276995305164319
6 0.4640625 0.4119718309859155 0.04375 0.06807511737089202
3 0.72578125 0.5187793427230047 0.0390625 0.08450704225352113
1 0.1359375 0.6678403755868545 0.05 0.07276995305164319
5 0.18203125 0.34507042253521125 0.0609375 0.0892018779342723
4 0.17578125 0.5528169014084507 0.0734375 0.10093896713615023
4 0.1921875 0.1267605633802817 0.065625 0.107981220657277
2 0.35 0.6291079812206573 0.05 0.0892018779342723
2 0.36328125 0.42488262910798125 0.0484375 0.07981220657276995
2 0.371875 0.2147887323943662 0.04375 0.08215962441314555
