2 0.5030 0.4551 0.0451 0.0625
2 0.3302 0.5490 0.0470 0.0698
1 0.5925 0.1967 0.0503 0.0822
1 0.2325 0.5688 0.0631 0.0724
1 0.2275 0.5660 0.0691 0.0765
1 0.4043 0.7326 0.0334 0.0731
1 0.4047 0.5355 0.0364 0.0760
1 0.7786 0.3368 0.0368 0.0782
1 0.5889 0.4023 0.0586 0.0691
1 0.5851 0.6016 0.0465 0.0788
1 0.4038 0.3348 0.0398 0.0715
1 0.7640 0.7416 0.0350 0.0829
1 0.7705 0.5428 0.0430 0.0883
0 0.33046875 0.5446009389671361 0.0546875 0.0892018779342723
1 0.21015625 0.36971830985915494 0.0578125 0.08215962441314555
