2 0.5024 0.4548 0.0437 0.0616
2 0.3280 0.5469 0.0510 0.0708
1 0.2279 0.5673 0.0716 0.0796
1 0.5883 0.4018 0.0597 0.0698
1 0.5921 0.1975 0.0486 0.0820
1 0.7640 0.7410 0.0347 0.0809
1 0.7704 0.5423 0.0426 0.0879
1 0.5845 0.6013 0.0460 0.0792
1 0.2316 0.5677 0.0720 0.0778
1 0.2238 0.1646 0.0785 0.0992
1 0.3991 0.3423 0.0520 0.0648
1 0.7780 0.3357 0.0374 0.0770
1 0.4021 0.7452 0.0448 0.0701
1 0.4014 0.5484 0.0472 0.0709
1 0.2239 0.3695 0.0841 0.0907
0 0.33046875 0.5363849765258216 0.0578125 0.07746478873239436
