1 0.571875 0.12206572769953052 0.0375 0.09389671361502347
1 0.5578125 0.32981220657276994 0.040625 0.08215962441314555
1 0.54140625 0.5316901408450704 0.0359375 0.08215962441314555
1 0.74375 0.352112676056338 0.040625 0.07981220657276995
1 0.70859375 0.7546948356807511 0.0328125 0.07276995305164319
2 0.4640625 0.4119718309859155 0.04375 0.06807511737089202
1 0.72265625 0.5563380281690141 0.0390625 0.08450704225352113
0 0.66328125 0.7288732394366197 0.0546875 0.07746478873239436
1 0.18359375 0.33098591549295775 0.0921875 0.07981220657276995
1 0.17890625 0.5363849765258216 0.0953125 0.07746478873239436
1 0.196875 0.1255868544600939 0.103125 0.09624413145539906
1 0.375 0.215962441314554 0.040625 0.08450704225352113
1 0.3640625 0.4225352112676056 0.03125 0.08450704225352113
1 0.3484375 0.6232394366197183 0.03125 0.07276995305164319
