4 0.571875 0.12206572769953052 0.0375 0.09389671361502347
4 0.5578125 0.32981220657276994 0.040625 0.08215962441314555
4 0.54140625 0.5316901408450704 0.0359375 0.08215962441314555
6 0.4640625 0.4119718309859155 0.04375 0.06807511737089202
1 0.5109375 0.4800469483568075 0.05 0.08685446009389672
3 0.73203125 0.4800469483568075 0.0359375 0.09154929577464789
5 0.1875 0.3333333333333333 0.103125 0.0892018779342723
4 0.19609375 0.1267605633802817 0.0984375 0.10328638497652583
4 0.17734375 0.5363849765258216 0.0953125 0.07746478873239436
2 0.37578125 0.21830985915492956 0.0390625 0.07981220657276995
2 0.36328125 0.42488262910798125 0.0359375 0.07981220657276995
2 0.35 0.6232394366197183 0.034375 0.08685446009389672
2 0.71171875 0.6690140845070423 0.0328125 0.08450704225352113
2 0.75 0.2664319248826291 0.0375 0.08215962441314555
