5 0.1890625 0.30633802816901406 0.1 0.09154929577464789
4 0.2 0.10093896713615023 0.1 0.10328638497652583
4 0.18046875 0.5117370892018779 0.0984375 0.07511737089201878
2 0.35234375 0.5903755868544601 0.0484375 0.08215962441314555
2 0.36328125 0.3873239436619718 0.0421875 0.07981220657276995
2 0.375 0.18309859154929578 0.04375 0.07981220657276995
2 0.75078125 0.36502347417840375 0.1296875 0.1056338028169014
3 0.7265625 0.5704225352112676 0.1125 0.0892018779342723
4 0.571875 0.12441314553990611 0.0375 0.09389671361502347
4 0.5578125 0.33215962441314556 0.040625 0.08215962441314555
4 0.54296875 0.5387323943661971 0.0359375 0.08215962441314555
2 0.70703125 0.755868544600939 0.0984375 0.07511737089201878
1 0.68828125 0.7171361502347418 0.0328125 0.0539906103286385
6 0.4640625 0.4096244131455399 0.04375 0.07276995305164319
