4 0.571875 0.12206572769953052 0.0375 0.09389671361502347
4 0.5578125 0.3274647887323944 0.040625 0.08215962441314555
4 0.53984375 0.5316901408450704 0.0359375 0.08215962441314555
6 0.4640625 0.4119718309859155 0.04375 0.06807511737089202
1 0.41875 0.5880281690140845 0.053125 0.08685446009389672
3 0.73046875 0.4788732394366197 0.0421875 0.09859154929577464
5 0.18828125 0.33568075117370894 0.0953125 0.08450704225352113
4 0.19765625 0.12441314553990611 0.0984375 0.09859154929577464
4 0.178125 0.534037558685446 0.1 0.07276995305164319
2 0.371875 0.23591549295774647 0.084375 0.08685446009389672
2 0.3609375 0.44366197183098594 0.08125 0.07042253521126761
2 0.3484375 0.6408450704225352 0.084375 0.07981220657276995
2 0.75 0.2746478873239437 0.0375 0.07511737089201878
2 0.7109375 0.67018779342723 0.0375 0.08685446009389672
