2 0.5027 0.4549 0.0433 0.0607
2 0.3284 0.5474 0.0491 0.0689
1 0.5887 0.4020 0.0605 0.0702
1 0.2283 0.5668 0.0695 0.0781
1 0.5923 0.1974 0.0484 0.0821
1 0.2318 0.5668 0.0675 0.0771
1 0.4025 0.7415 0.0521 0.0768
1 0.5850 0.6010 0.0467 0.0795
1 0.3964 0.5458 0.0705 0.0709
1 0.7783 0.3358 0.0375 0.0775
1 0.2244 0.1646 0.0750 0.1011
1 0.7639 0.7407 0.0352 0.0815
1 0.3973 0.3433 0.0717 0.0645
1 0.7708 0.5425 0.0416 0.0875
1 0.2239 0.3701 0.0827 0.0942
0 0.32734375 0.5469483568075117 0.0546875 0.07511737089201878
