5 0.1890625 0.30633802816901406 0.1 0.09154929577464789
4 0.2 0.10093896713615023 0.1 0.10328638497652583
4 0.18046875 0.5117370892018779 0.0984375 0.07511737089201878
4 0.53359375 0.7194835680751174 0.0859375 0.10093896713615023
3 0.715625 0.5492957746478874 0.096875 0.09389671361502347
2 0.734375 0.34624413145539906 0.1 0.09154929577464789
2 0.69453125 0.7394366197183099 0.0953125 0.10328638497652583
2 0.35078125 0.5903755868544601 0.0484375 0.08215962441314555
2 0.36484375 0.3873239436619718 0.0421875 0.07981220657276995
2 0.375 0.18309859154929578 0.04375 0.07981220657276995
1 0.5984375 0.7546948356807511 0.04375 0.07746478873239436
6 0.46328125 0.4061032863849765 0.0390625 0.07042253521126761
4 0.55703125 0.3474178403755869 0.0421875 0.07042253521126761
4 0.54140625 0.5504694835680751 0.0515625 0.08685446009389672
