5 0.1890625 0.30633802816901406 0.1 0.09154929577464789
4 0.2 0.10093896713615023 0.1 0.10328638497652583
4 0.18046875 0.5117370892018779 0.0984375 0.07511737089201878
2 0.34921875 0.5903755868544601 0.0484375 0.08215962441314555
2 0.36484375 0.3873239436619718 0.0421875 0.07981220657276995
2 0.3734375 0.18309859154929578 0.04375 0.07981220657276995
1 0.7328125 0.7758215962441315 0.05625 0.06338028169014084
2 0.75078125 0.3004694835680751 0.1109375 0.0892018779342723
2 0.7140625 0.7018779342723005 0.103125 0.07981220657276995
3 0.7328125 0.5023474178403756 0.103125 0.07511737089201878
4 0.56953125 0.17136150234741784 0.0484375 0.14084507042253522
4 0.553125 0.3744131455399061 0.05625 0.11502347417840375
4 0.53828125 0.5715962441314554 0.0515625 0.11971830985915492
6 0.4640625 0.4084507042253521 0.04375 0.06572769953051644
