1 0.571875 0.12206572769953052 0.0375 0.09389671361502347
1 0.5578125 0.3274647887323944 0.040625 0.08215962441314555
1 0.53984375 0.5316901408450704 0.0359375 0.08215962441314555
2 0.4640625 0.4119718309859155 0.04375 0.06807511737089202
0 0.4546875 0.5434272300469484 0.05625 0.09154929577464789
1 0.7296875 0.4788732394366197 0.0375 0.0892018779342723
1 0.1859375 0.3392018779342723 0.09375 0.08215962441314555
1 0.19765625 0.1255868544600939 0.0984375 0.09624413145539906
1 0.17734375 0.5375586854460094 0.0984375 0.07511737089201878
1 0.3484375 0.6244131455399061 0.046875 0.07981220657276995
1 0.3640625 0.426056338028169 0.0375 0.08685446009389672
1 0.375 0.21948356807511737 0.040625 0.08215962441314555
1 0.74921875 0.2687793427230047 0.0390625 0.08215962441314555
1 0.7125 0.6713615023474179 0.040625 0.08450704225352113
