5 0.1890625 0.30633802816901406 0.1 0.09154929577464789
4 0.2 0.10093896713615023 0.1 0.10328638497652583
4 0.18046875 0.5117370892018779 0.0984375 0.07511737089201878
4 0.571875 0.12206572769953052 0.0375 0.09389671361502347
4 0.5578125 0.3274647887323944 0.040625 0.08215962441314555
4 0.53984375 0.5316901408450704 0.0359375 0.08215962441314555
2 0.390625 0.1772300469483568 0.15 0.09154929577464789
2 0.375 0.38615023474178406 0.1375 0.08215962441314555
2 0.36171875 0.5892018779342723 0.1203125 0.0892018779342723
2 0.7453125 0.3204225352112676 0.0375 0.07746478873239436
2 0.70859375 0.7136150234741784 0.0328125 0.08450704225352113
1 0.44921875 0.653755868544601 0.0734375 0.06807511737089202
6 0.4625 0.4096244131455399 0.046875 0.06338028169014084
3 0.72578125 0.5187793427230047 0.0328125 0.08450704225352113
