4 0.571875 0.12206572769953052 0.0375 0.09389671361502347
4 0.5578125 0.32981220657276994 0.040625 0.08215962441314555
4 0.54140625 0.5316901408450704 0.0359375 0.08215962441314555
2 0.7453125 0.31220657276995306 0.040625 0.07981220657276995
2 0.70859375 0.7147887323943662 0.0328125 0.07276995305164319
6 0.4640625 0.4119718309859155 0.04375 0.06807511737089202
3 0.72578125 0.5187793427230047 0.0390625 0.08450704225352113
1 0.134375 0.6737089201877934 0.046875 0.07511737089201878
5 0.17265625 0.38497652582159625 0.0953125 0.07511737089201878
4 0.178125 0.16784037558685447 0.11875 0.10093896713615023
4 0.1640625 0.5786384976525821 0.115625 0.11032863849765258
2 0.37421875 0.21948356807511737 0.0453125 0.08685446009389672
2 0.3609375 0.4213615023474178 0.040625 0.07746478873239436
2 0.35 0.6232394366197183 0.053125 0.07746478873239436
