5 0.1890625 0.30633802816901406 0.1 0.09154929577464789
4 0.2 0.10093896713615023 0.1 0.10328638497652583
4 0.18046875 0.5117370892018779 0.0984375 0.07511737089201878
2 0.35234375 0.5903755868544601 0.0484375 0.08215962441314555
2 0.36328125 0.3873239436619718 0.0421875 0.07981220657276995
2 0.375 0.18309859154929578 0.04375 0.07981220657276995
1 0.71640625 0.7593896713615024 0.0515625 0.0539906103286385
2 0.75703125 0.29225352112676056 0.1328125 0.11032863849765258
2 0.71953125 0.6913145539906104 0.1234375 0.07746478873239436
3 0.734375 0.4953051643192488 0.11875 0.08450704225352113
4 0.571875 0.10328638497652583 0.034375 0.09389671361502347
4 0.55703125 0.31338028169014087 0.0390625 0.08215962441314555
4 0.54296875 0.5199530516431925 0.0390625 0.08685446009389672
6 0.46484375 0.4084507042253521 0.0421875 0.06572769953051644
