4 0.571875 0.12206572769953052 0.0375 0.09389671361502347
4 0.5578125 0.32981220657276994 0.040625 0.08215962441314555
4 0.54140625 0.5316901408450704 0.0359375 0.08215962441314555
2 0.7390625 0.3615023474178404 0.040625 0.07981220657276995
2 0.70390625 0.7617370892018779 0.0328125 0.07276995305164319
6 0.4640625 0.4119718309859155 0.04375 0.06807511737089202
3 0.72109375 0.5657276995305164 0.0390625 0.08450704225352113
1 0.46875 0.721830985915493 0.0625 0.07746478873239436
5 0.184375 0.3345070422535211 0.09375 0.08685446009389672
4 0.19765625 0.12793427230046947 0.0984375 0.09624413145539906
4 0.1765625 0.534037558685446 0.096875 0.07276995305164319
2 0.3765625 0.2147887323943662 0.0375 0.08685446009389672
2 0.3625 0.4213615023474178 0.034375 0.07746478873239436
2 0.35078125 0.6185446009389671 0.0359375 0.08215962441314555
