1 0.571875 0.12206572769953052 0.0375 0.09389671361502347
1 0.5578125 0.3274647887323944 0.040625 0.08215962441314555
1 0.53984375 0.5316901408450704 0.0359375 0.08215962441314555
1 0.7421875 0.3615023474178404 0.040625 0.07981220657276995
1 0.70703125 0.7593896713615024 0.0328125 0.07276995305164319
2 0.4640625 0.4119718309859155 0.04375 0.06807511737089202
1 0.72265625 0.5657276995305164 0.0390625 0.08450704225352113
0 0.640625 0.7288732394366197 0.059375 0.08215962441314555
1 0.1890625 0.33568075117370894 0.1 0.07981220657276995
1 0.1984375 0.12793427230046947 0.1 0.09624413145539906
1 0.17734375 0.5352112676056338 0.0953125 0.07511737089201878
1 0.37421875 0.215962441314554 0.0359375 0.08450704225352113
1 0.36328125 0.4225352112676056 0.0359375 0.07981220657276995
1 0.35078125 0.6208920187793427 0.0359375 0.07746478873239436
