4 0.571875 0.12206572769953052 0.0375 0.09389671361502347
4 0.5578125 0.3274647887323944 0.040625 0.08215962441314555
4 0.53984375 0.5316901408450704 0.0359375 0.08215962441314555
2 0.74375 0.323943661971831 0.040625 0.07981220657276995
2 0.70859375 0.7265258215962441 0.0328125 0.07276995305164319
6 0.4640625 0.4119718309859155 0.04375 0.06807511737089202
3 0.72421875 0.5305164319248826 0.0390625 0.08450704225352113
1 0.334375 0.7112676056338029 0.059375 0.07042253521126761
5 0.1828125 0.3333333333333333 0.09375 0.07511737089201878
4 0.178125 0.5352112676056338 0.096875 0.07511737089201878
4 0.19453125 0.12793427230046947 0.1015625 0.09154929577464789
2 0.34921875 0.6255868544600939 0.0484375 0.08685446009389672
2 0.3609375 0.4225352112676056 0.040625 0.0892018779342723
2 0.375 0.215962441314554 0.046875 0.0892018779342723
