1 0.571875 0.12206572769953052 0.0375 0.09389671361502347
1 0.5578125 0.3274647887323944 0.040625 0.08215962441314555
1 0.53984375 0.5316901408450704 0.0359375 0.08215962441314555
2 0.4640625 0.4119718309859155 0.04375 0.06807511737089202
0 0.6078125 0.7171361502347418 0.05625 0.07746478873239436
1 0.71171875 0.528169014084507 0.1046875 0.09389671361502347
1 0.1875 0.33568075117370894 0.09375 0.08450704225352113
1 0.196875 0.1267605633802817 0.096875 0.0892018779342723
1 0.17734375 0.5328638497652582 0.0984375 0.07981220657276995
1 0.371875 0.22769953051643194 0.078125 0.08450704225352113
1 0.3609375 0.43779342723004694 0.078125 0.06807511737089202
1 0.34921875 0.6373239436619719 0.0828125 0.07276995305164319
1 0.6984375 0.7147887323943662 0.109375 0.11032863849765258
1 0.7359375 0.3286384976525822 0.10625 0.0892018779342723
