2 0.5023 0.4546 0.0450 0.0635
2 0.3309 0.5489 0.0468 0.0696
1 0.2279 0.5677 0.0725 0.0783
1 0.5884 0.4021 0.0604 0.0687
1 0.5849 0.6013 0.0464 0.0784
1 0.4011 0.2864 0.0540 0.0738
1 0.5923 0.1967 0.0482 0.0809
1 0.7707 0.5433 0.0442 0.0856
1 0.2316 0.5681 0.0711 0.0758
1 0.7781 0.3359 0.0375 0.0773
1 0.7642 0.7404 0.0341 0.0817
1 0.4016 0.6881 0.0468 0.0747
1 0.4018 0.4914 0.0458 0.0735
1 0.2242 0.1644 0.0800 0.0967
1 0.2243 0.3670 0.0867 0.0883
0 0.3328125 0.5422535211267606 0.053125 0.07511737089201878
