1 0.190625 0.30633802816901406 0.1 0.09154929577464789
1 0.2015625 0.10093896713615023 0.1 0.10328638497652583
1 0.18203125 0.5117370892018779 0.0984375 0.07511737089201878
1 0.571875 0.12206572769953052 0.0375 0.09389671361502347
1 0.5578125 0.3274647887323944 0.040625 0.08215962441314555
1 0.53984375 0.5316901408450704 0.0359375 0.08215962441314555
1 0.36328125 0.2136150234741784 0.1203125 0.08450704225352113
1 0.3484375 0.41784037558685444 0.115625 0.07981220657276995
1 0.33984375 0.6197183098591549 0.1109375 0.0892018779342723
1 0.7453125 0.3192488262910798 0.040625 0.07981220657276995
1 0.71015625 0.7194835680751174 0.0328125 0.07276995305164319
0 0.2234375 0.5657276995305164 0.0625 0.07981220657276995
2 0.4640625 0.4119718309859155 0.04375 0.06807511737089202
1 0.72578125 0.5258215962441315 0.0390625 0.08450704225352113
